         0          1   0.295659   0.456384
      0.01          1   0.276021   0.432628
      0.02          1   0.276932   0.433746
      0.03          1   0.277166   0.434033
      0.04          1   0.277379   0.434294
      0.05          1   0.277642   0.434616
      0.06          1   0.277996    0.43505
      0.07          1   0.278509   0.435678
      0.08   0.999883     0.2791   0.436389
      0.09   0.999883   0.279733   0.437162
       0.1   0.999883    0.28105    0.43877
      0.11   0.999883   0.282895   0.441015
      0.12   0.999883   0.284267    0.44268
      0.13   0.999883   0.286692   0.445614
      0.14   0.999883   0.288196   0.447429
      0.15   0.999804   0.291085   0.450895
      0.16   0.999804   0.293032   0.453228
      0.17   0.999804   0.296662   0.457558
      0.18   0.999765   0.299197   0.460563
      0.19   0.999765   0.302741    0.46475
       0.2   0.999765   0.305702   0.468231
      0.21   0.999765   0.310154   0.473435
      0.22   0.999648   0.314725   0.478729
      0.23   0.999648    0.31798   0.482485
      0.24   0.999648   0.322473    0.48764
      0.25   0.999648   0.325827   0.491465
      0.26   0.999531   0.330219    0.49643
      0.27   0.999531   0.333238   0.499835
      0.28   0.999453   0.337493   0.504595
      0.29   0.999453   0.340065   0.507464
       0.3   0.999453   0.345286   0.513255
      0.31   0.999453   0.349592   0.517997
      0.32   0.999413   0.352495   0.521171
      0.33   0.999374   0.356456   0.525483
      0.34   0.999335   0.359416   0.528687
      0.35   0.999335   0.364199   0.533843
      0.36   0.999335   0.367341   0.537212
      0.37   0.998905   0.371441   0.541519
      0.38   0.998905   0.373864   0.544089
      0.39   0.998866   0.378312   0.548779
       0.4   0.998788   0.380836   0.551417
      0.41   0.998475   0.385146   0.555873
      0.42   0.998397   0.388717   0.559571
      0.43   0.998358   0.390959   0.561883
      0.44   0.997927   0.396014   0.567016
      0.45   0.997927   0.398364    0.56942
      0.46   0.997145    0.40205   0.573047
      0.47   0.996481   0.403674   0.574584
      0.48   0.996207   0.408247   0.579155
      0.49   0.996011   0.410912   0.581799
       0.5   0.995307    0.41479   0.585553
      0.51   0.994447   0.417957   0.588551
      0.52   0.994134   0.420505   0.591018
      0.53   0.993117   0.423778   0.594061
      0.54   0.992648   0.425892    0.59605
      0.55   0.991397   0.429374   0.599224
      0.56   0.990967   0.431539    0.60125
      0.57   0.988894   0.434848   0.604068
      0.58   0.987056   0.436277   0.605101
      0.59   0.985844   0.440552   0.608969
       0.6    0.98428   0.443005   0.611007
      0.61   0.983458   0.445922   0.613616
      0.62   0.982559   0.448534   0.615909
      0.63    0.98076   0.449675   0.616628
      0.64   0.978727   0.453086   0.619421
      0.65   0.976889   0.454461   0.620334
      0.66   0.974621   0.457653   0.622839
      0.67   0.973252    0.46011   0.624829
      0.68   0.972313   0.463268   0.627539
      0.69   0.969928   0.464962   0.628591
       0.7   0.966409    0.46899   0.631513
      0.71   0.964219   0.472044   0.633802
      0.72   0.963828   0.473896   0.635385
      0.73   0.962068   0.476773    0.63758
      0.74   0.960856   0.478923   0.639231
      0.75   0.958666   0.482187   0.641643
      0.76   0.957688   0.483829   0.642874
      0.77   0.955146   0.487088   0.645166
      0.78   0.954912   0.488868   0.646672
      0.79   0.951079   0.491947   0.648472
       0.8   0.948459   0.494024    0.64966
      0.81   0.945174   0.496481   0.651003
      0.82   0.942711   0.500959   0.654249
      0.83   0.939973   0.502914   0.655249
      0.84   0.937471   0.505532   0.656854
      0.85   0.934733   0.508143   0.658377
      0.86   0.932035    0.51148   0.660495
      0.87   0.930549   0.514138   0.662331
      0.88   0.927851   0.518004   0.664839
      0.89   0.926951   0.520686   0.666811
       0.9   0.922337    0.52377   0.668128
      0.91   0.919521   0.527141   0.670118
      0.92    0.91784   0.529507   0.671577
      0.93   0.913382   0.532319   0.672629
      0.94   0.910684   0.535503   0.674427
      0.95   0.907672   0.539833   0.677015
      0.96   0.905913   0.542414   0.678548
      0.97   0.898991   0.545207   0.678766
      0.98   0.891718   0.547433   0.678394
      0.99   0.887377   0.550845   0.679738
