         0          1   0.296598   0.457502
      0.01          1   0.330906   0.497265
      0.02   0.999881   0.342122   0.509807
      0.03   0.999403   0.354451   0.523305
      0.04   0.998567   0.385014   0.555749
      0.05   0.997731   0.402874   0.573981
      0.06   0.994825    0.41846   0.589117
      0.07   0.992715   0.424404   0.594604
      0.08   0.992118   0.431959    0.60187
      0.09   0.991481    0.43652   0.606164
       0.1   0.989809   0.441132   0.610279
      0.11   0.989053   0.444886   0.613716
      0.12   0.988296   0.447724   0.616264
      0.13    0.98754   0.452226   0.620366
      0.14   0.987301   0.454751    0.62269
      0.15   0.986107   0.459644   0.627021
      0.16    0.98336   0.462427   0.629045
      0.17   0.981529   0.467139    0.63301
      0.18   0.981091   0.469468   0.635053
      0.19   0.979658   0.474087   0.638961
       0.2    0.97922   0.476571    0.64112
      0.21   0.976951    0.48051   0.644181
      0.22   0.975717   0.483985   0.647026
      0.23   0.975557    0.48674   0.649448
      0.24   0.974642   0.490787   0.652835
      0.25   0.973806   0.493415   0.654966
      0.26   0.971736   0.497772   0.658319
      0.27   0.971377   0.500906   0.660972
      0.28   0.969944   0.504378   0.663652
      0.29   0.969586   0.506066   0.665027
       0.3   0.966879   0.510286   0.668016
      0.31    0.96465   0.514405   0.670997
      0.32   0.964252   0.518369   0.674263
      0.33   0.963217   0.520951   0.676189
      0.34   0.961425   0.523112   0.677562
      0.35   0.958041   0.527216   0.680145
      0.36   0.957484   0.529477   0.681881
      0.37   0.956131   0.532574   0.684098
      0.38   0.955135    0.53427    0.68524
      0.39   0.948607   0.535952   0.684928
       0.4   0.945342    0.53753   0.685359
      0.41   0.942755   0.540234   0.686867
      0.42    0.93746   0.543154   0.687803
      0.43   0.936982   0.544479   0.688735
      0.44   0.931409   0.545121   0.687735
      0.45   0.928384   0.546429   0.687946
      0.46   0.926712   0.548619   0.689217
      0.47   0.923328    0.55025   0.689562
      0.48    0.92082   0.553253   0.691209
      0.49   0.917197   0.554802    0.69139
       0.5   0.914291   0.557447   0.692608
      0.51   0.911823   0.559231   0.693271
      0.52   0.908718    0.56222   0.694658
      0.53    0.90629   0.564459    0.69565
      0.54    0.90199   0.565939   0.695498
      0.55   0.898806   0.568538   0.696504
      0.56   0.896338   0.570906   0.697531
      0.57   0.889172   0.572626   0.696626
      0.58   0.887261   0.575194   0.697932
      0.59    0.88324   0.577248    0.69819
       0.6   0.880454    0.57761   0.697581
      0.61   0.876712   0.580395   0.698424
      0.62   0.871696   0.582691   0.698479
      0.63   0.868631   0.584545    0.69882
      0.64   0.861704   0.585698   0.697385
      0.65   0.855135   0.585638   0.695182
      0.66   0.847412   0.586754   0.693396
      0.67   0.842675   0.587779   0.692517
      0.68   0.838615   0.590569   0.693067
      0.69   0.834674   0.592167   0.692812
       0.7   0.829021   0.594644    0.69254
      0.71   0.824562    0.59748    0.69289
      0.72   0.818631   0.599236   0.691959
      0.73   0.808718        0.6   0.688897
      0.74   0.804896   0.600145   0.687602
      0.75   0.802986   0.601293   0.687655
      0.76   0.801194   0.603827   0.688648
      0.77   0.794506   0.604191   0.686401
      0.78   0.789371   0.604851   0.684901
      0.79   0.783121   0.606219   0.683407
       0.8    0.77707   0.605826   0.680845
      0.81   0.772174   0.605203   0.678568
      0.82   0.766561   0.605118   0.676339
      0.83   0.763814   0.604936   0.675154
      0.84    0.75621   0.603687   0.671395
      0.85   0.753463    0.60346    0.67017
      0.86    0.74992   0.605221   0.669846
      0.87   0.747054   0.605336    0.66877
      0.88   0.739212   0.604362    0.66502
      0.89    0.73539   0.604508   0.663557
       0.9   0.730971   0.604438    0.66171
      0.91   0.725955   0.603963   0.659364
      0.92   0.721935   0.604807   0.658201
      0.93   0.718193   0.604839    0.65666
      0.94   0.711425   0.604135   0.653405
      0.95    0.70836   0.604107   0.652093
      0.96   0.705414   0.605415     0.6516
      0.97   0.699323   0.605348   0.648951
      0.98   0.694825   0.604375   0.646451
      0.99   0.689172   0.603898   0.643723
