         0          1   0.168956   0.289072
      0.01          1    0.15521   0.268713
      0.02          1   0.159307   0.274831
      0.03          1   0.171003   0.292063
      0.04          1   0.192933    0.32346
      0.05          1   0.202844   0.337274
      0.06          1   0.212436   0.350428
      0.07          1   0.217503   0.357294
      0.08   0.998523    0.22475   0.366914
      0.09   0.996882   0.228998    0.37244
       0.1   0.996882   0.234157   0.379236
      0.11   0.996718   0.238087   0.384361
      0.12   0.996226   0.240143   0.386999
      0.13   0.994175   0.243199   0.390799
      0.14   0.992452   0.245881   0.394118
      0.15   0.987857   0.246926   0.395093
      0.16   0.986872   0.248853   0.397477
      0.17   0.984083   0.251706   0.400877
      0.18    0.98318   0.253545    0.40313
      0.19    0.97875   0.256694   0.406719
       0.2   0.976862   0.258131   0.408356
      0.21   0.971776   0.260706   0.411118
      0.22   0.966278   0.263848   0.414511
      0.23   0.964473   0.266135    0.41716
      0.24   0.963078   0.269752   0.421456
      0.25   0.961602    0.27115   0.423018
      0.26   0.958566   0.273727   0.425849
      0.27   0.955776   0.275505   0.427719
      0.28   0.952166   0.277647   0.429929
      0.29   0.951838   0.279316   0.431893
       0.3   0.949869   0.281085     0.4338
      0.31   0.947489    0.28314   0.435992
      0.32   0.947161   0.284651   0.437745
      0.33   0.944946   0.286495   0.439683
      0.34   0.943715   0.287652   0.440911
      0.35   0.942074   0.289351   0.442723
      0.36   0.938874   0.289734   0.442816
      0.37   0.936823   0.292074   0.445312
      0.38   0.936577   0.293845    0.44734
      0.39   0.935839    0.29662   0.450463
       0.4   0.934444   0.297717   0.451564
      0.41   0.932146   0.300671   0.454681
      0.42   0.926321   0.302051   0.455556
      0.43   0.925911    0.30309   0.456687
      0.44   0.924106   0.305404   0.459086
      0.45   0.923203   0.306689   0.460424
      0.46   0.921398   0.308623   0.462374
      0.47   0.920742   0.309125   0.462854
      0.48   0.918444   0.310484   0.464083
      0.49    0.91746   0.312037   0.465689
       0.5   0.914752   0.314724    0.46832
      0.51   0.911224   0.315921   0.469178
      0.52    0.91024   0.317337   0.470606
      0.53    0.90384   0.318974   0.471538
      0.54   0.903101   0.319984   0.472539
      0.55   0.902527   0.320428   0.472944
      0.56   0.900804   0.320749   0.473057
      0.57   0.897604   0.321742   0.473691
      0.58   0.896456   0.322553    0.47441
      0.59   0.891204     0.3237   0.474906
       0.6   0.886528   0.323351   0.473865
      0.61   0.886035   0.324074    0.47457
      0.62   0.883328   0.324782   0.474938
      0.63   0.879554   0.325447     0.4751
      0.64   0.876436   0.326502   0.475766
      0.65   0.871923   0.327632   0.476293
      0.66   0.868231   0.328877   0.477052
      0.67   0.866016   0.329619   0.477496
      0.68   0.861831   0.330324   0.477595
      0.69   0.860519   0.332095    0.47924
       0.7   0.847227   0.333333   0.478432
      0.71   0.841976   0.334273   0.478555
      0.72   0.836971   0.334456   0.477929
      0.73   0.831966   0.334908    0.47757
      0.74   0.825976   0.335319   0.476994
      0.75   0.823433   0.336377   0.477637
      0.76   0.822284   0.337176   0.478248
      0.77   0.817525    0.33889   0.479155
      0.78   0.816869   0.339152   0.479304
      0.79   0.808418   0.339806   0.478487
       0.8   0.807023   0.340193   0.478626
      0.81   0.806613   0.341674   0.480017
      0.82   0.798736   0.341979   0.478912
      0.83   0.796193   0.341804   0.478282
      0.84   0.794388   0.341304   0.477467
      0.85    0.79168   0.341558   0.477225
      0.86    0.78807   0.341271   0.476287
      0.87   0.787578   0.340979   0.475913
      0.88   0.787168   0.342003   0.476835
      0.89   0.785527   0.342015   0.476545
       0.9   0.778799    0.34184    0.47513
      0.91   0.778307   0.341802   0.475002
      0.92   0.777568   0.341799   0.474861
      0.93   0.775517   0.342407   0.475064
      0.94   0.772809    0.34238   0.474528
      0.95   0.767558   0.342406   0.473559
      0.96   0.765999   0.342538   0.473387
      0.97   0.764194    0.34294   0.473426
      0.98    0.76321   0.343853   0.474105
      0.99   0.756646   0.343058   0.472079
