         0          1   0.337394   0.504555
      0.01   0.998759   0.320575   0.485362
      0.02   0.998759    0.32087     0.4857
      0.03   0.998759   0.322163    0.48718
      0.04   0.998716   0.324655   0.490018
      0.05    0.99846    0.32665   0.492256
      0.06   0.997946   0.330105   0.496106
      0.07   0.997903   0.332007   0.498245
      0.08   0.997304   0.335643   0.502253
      0.09   0.997005   0.337953   0.504796
       0.1   0.995764   0.340817   0.507823
      0.11    0.99401   0.343749   0.510839
      0.12   0.992255   0.346361   0.513484
      0.13   0.988105   0.351115    0.51812
      0.14   0.982756   0.353082   0.519515
      0.15   0.973728   0.357265   0.522736
      0.16   0.969064   0.359612   0.524563
      0.17   0.960934   0.361684   0.525555
      0.18   0.956228   0.363752   0.527023
      0.19   0.943862   0.366212   0.527686
       0.2   0.933165    0.36709   0.526906
      0.21   0.924736   0.370365   0.528901
      0.22   0.911728    0.37417   0.530589
      0.23   0.905695   0.376575   0.531966
      0.24   0.895169    0.37973   0.533254
      0.25   0.888152   0.381792   0.534023
      0.26   0.880151   0.384548   0.535243
      0.27   0.870823   0.385604    0.53452
      0.28   0.858414   0.387601   0.534058
      0.29   0.849985   0.389367   0.534079
       0.3    0.84254   0.391683   0.534763
      0.31   0.833554   0.393557   0.534672
      0.32   0.823414   0.394153   0.533115
      0.33   0.816781   0.395847   0.533256
      0.34   0.810021   0.397329   0.533142
      0.35   0.802276    0.39874   0.532715
      0.36   0.795516   0.400275   0.532576
      0.37   0.786659   0.402151   0.532223
      0.38   0.782851   0.403323    0.53237
      0.39   0.777245   0.405915    0.53331
       0.4   0.771768   0.407713   0.533557
      0.41   0.762569   0.409618   0.532956
      0.42   0.752642   0.411999   0.532504
      0.43   0.747935   0.413414   0.532496
      0.44   0.738479   0.415101   0.531465
      0.45   0.730649   0.418158   0.531903
      0.46   0.721107    0.42114   0.531736
      0.47   0.715331   0.421756   0.530646
      0.48   0.701254   0.423857   0.528359
      0.49   0.696761   0.425703   0.528504
       0.5   0.685037   0.430103   0.528429
      0.51   0.677677   0.432011   0.527651
      0.52   0.672671   0.434587   0.528033
      0.53   0.658337    0.43747   0.525645
      0.54   0.653459   0.438511    0.52483
      0.55   0.640195   0.441509   0.522605
      0.56   0.631338   0.442028   0.519989
      0.57   0.620769   0.445242   0.518555
      0.58   0.615207   0.447293   0.517982
      0.59   0.609687   0.449134   0.517238
       0.6   0.607591   0.451732   0.518196
      0.61   0.602798   0.455507   0.518903
      0.62   0.597364   0.459377   0.519362
      0.63   0.594284   0.460251   0.518749
      0.64   0.586068   0.461773   0.516548
      0.65   0.580463   0.463403   0.515369
      0.66   0.572333   0.464917   0.513063
      0.67   0.566985   0.464622   0.510725
      0.68    0.56185   0.466643    0.50984
      0.69   0.555603   0.468032   0.508072
       0.7   0.549698    0.47085   0.507228
      0.71   0.543195    0.47318   0.505776
      0.72   0.535792   0.476051   0.504158
      0.73   0.528689   0.478409   0.502294
      0.74   0.520859   0.478678   0.498878
      0.75   0.514013   0.482889   0.497965
      0.76   0.505455   0.481735    0.49331
      0.77   0.497283   0.483381   0.490233
      0.78   0.492148   0.483929   0.488004
      0.79   0.483462   0.482948   0.483205
       0.8    0.48158   0.484186   0.482879
      0.81    0.47683   0.487589    0.48215
      0.82   0.473407   0.491069   0.482077
      0.83   0.468615   0.491783   0.479919
      0.84   0.463609   0.494654   0.478628
      0.85   0.460614   0.493945   0.476697
      0.86   0.455907   0.493548   0.473981
      0.87   0.454153   0.496257   0.474272
      0.88   0.450516   0.501369   0.474584
      0.89   0.447863    0.50237   0.473553
       0.9   0.441658   0.503854   0.470711
      0.91   0.433785   0.503224   0.465932
      0.92   0.430961   0.504898   0.465009
      0.93   0.423131   0.504866   0.460399
      0.94   0.419537   0.506188   0.458807
      0.95   0.416799   0.506845   0.457432
      0.96    0.41252   0.508277   0.455419
      0.97   0.406316   0.510993   0.452682
      0.98   0.400667   0.509146    0.44844
      0.99   0.390398   0.508185   0.441572
