         0          1   0.223995   0.366006
      0.01   0.998194   0.223375   0.365058
      0.02   0.998194   0.226443   0.369145
      0.03   0.997549   0.227811   0.370916
      0.04   0.997163   0.228408   0.371679
      0.05   0.996647   0.228974   0.372393
      0.06   0.996647    0.22958   0.373194
      0.07   0.996647   0.230061    0.37383
      0.08   0.996453   0.230416   0.374284
      0.09   0.996324   0.230611   0.374532
       0.1   0.994777   0.230848   0.374735
      0.11    0.99439    0.23135   0.375368
      0.12    0.99368   0.231304   0.375258
      0.13   0.991875   0.231557   0.375461
      0.14   0.991746   0.231975   0.376001
      0.15   0.989811   0.232514   0.376569
      0.16   0.988715   0.232771   0.376827
      0.17   0.986587   0.233507   0.377634
      0.18   0.985684   0.234049   0.378277
      0.19   0.982266   0.235152   0.379461
       0.2   0.981621   0.236003    0.38052
      0.21   0.979106   0.236955   0.381566
      0.22   0.977816   0.238498   0.383465
      0.23    0.97672    0.23932   0.384442
      0.24   0.974915   0.241102   0.386596
      0.25   0.973431   0.242935   0.388831
      0.26   0.968982   0.244892   0.390973
      0.27   0.967692   0.246046   0.392336
      0.28   0.966596   0.248301   0.395106
      0.29   0.966209   0.249484    0.39657
       0.3   0.964339   0.251809   0.399342
      0.31   0.962533   0.253759   0.401633
      0.32   0.958212    0.25507   0.402893
      0.33   0.957503    0.25802   0.406499
      0.34   0.957116   0.259118   0.407826
      0.35   0.955891   0.261256   0.410356
      0.36   0.954085    0.26272   0.411992
      0.37   0.951828   0.265433   0.415106
      0.38   0.950474   0.267057   0.416959
      0.39   0.949507   0.269705   0.420086
       0.4   0.947894     0.2718   0.422462
      0.41   0.943251   0.273784   0.424387
      0.42   0.940994   0.276566    0.42749
      0.43    0.93906   0.278301   0.429357
      0.44   0.935706   0.280586   0.431715
      0.45   0.935191   0.282201   0.433569
      0.46   0.927839   0.284225   0.435151
      0.47   0.926227   0.285853   0.436877
      0.48   0.925002   0.289279   0.440728
      0.49   0.922874   0.291632   0.443208
       0.5   0.918617   0.295226   0.446844
      0.51   0.911137   0.297809   0.448895
      0.52   0.909589   0.299437   0.450552
      0.53   0.903979   0.302913   0.453773
      0.54   0.893661   0.304784   0.454545
      0.55   0.886309   0.307472   0.456558
      0.56    0.88115   0.309899   0.458533
      0.57    0.87496   0.312728   0.460769
      0.58   0.871606   0.314154   0.461844
      0.59   0.865803    0.31677   0.463837
       0.6   0.864384   0.318509   0.465492
      0.61    0.86174   0.322347   0.469188
      0.62    0.85916   0.325105   0.471714
      0.63   0.856323   0.326299   0.472539
      0.64     0.8491   0.328234   0.473449
      0.65   0.844199   0.330274   0.474795
      0.66   0.838654   0.334151   0.477892
      0.67   0.835107   0.336017   0.479215
      0.68   0.830399   0.339163   0.481618
      0.69   0.827239   0.341319   0.483249
       0.7   0.823499   0.345747   0.487018
      0.71   0.816728   0.347577   0.487631
      0.72   0.812472   0.349479   0.488733
      0.73   0.804991   0.350909    0.48876
      0.74   0.798994   0.353198   0.489854
      0.75   0.787967   0.356237   0.490652
      0.76   0.782292    0.35804   0.491246
      0.77   0.778036   0.360235   0.492458
      0.78   0.773715   0.363364   0.494496
      0.79   0.765912   0.365614   0.494957
       0.8   0.761205    0.36827   0.496388
      0.81   0.750693   0.369217   0.494984
      0.82   0.748372   0.370195   0.495355
      0.83   0.745792   0.371947   0.496351
      0.84   0.740827   0.373578    0.49669
      0.85   0.730831   0.375908   0.496459
      0.86   0.727284   0.378313   0.497724
      0.87   0.726317   0.379666   0.498666
      0.88   0.715354   0.381336   0.497479
      0.89   0.713807   0.381926   0.497605
       0.9    0.70465   0.383935   0.497049
      0.91   0.701877   0.385655   0.497792
      0.92   0.695557   0.385897   0.496393
      0.93   0.690978   0.388263   0.497166
      0.94   0.686335   0.390227   0.497559
      0.95   0.682917   0.393061   0.498947
      0.96   0.680209   0.394322   0.499234
      0.97   0.668279    0.39452   0.496142
      0.98   0.662926   0.395632   0.495533
      0.99    0.65493   0.394903   0.492714
