         0          1   0.193017   0.323578
      0.01   0.993386    0.16353   0.280831
      0.02   0.993386   0.170857   0.291567
      0.03   0.993386   0.176635   0.299938
      0.04   0.993204   0.184867   0.311713
      0.05   0.993144   0.191164   0.320615
      0.06    0.99284   0.201556   0.335086
      0.07   0.991991   0.208171   0.344126
      0.08   0.989867   0.219162   0.358868
      0.09   0.987743    0.22563   0.367347
       0.1   0.984831   0.234329    0.37858
      0.11   0.978763   0.239773   0.385185
      0.12   0.975548   0.241528   0.387194
      0.13   0.968084   0.242007   0.387216
      0.14    0.96232    0.24269   0.387625
      0.15   0.951035   0.243437   0.387647
      0.16    0.94345   0.242997   0.386457
      0.17   0.932468   0.241406   0.383522
      0.18   0.923912   0.240904   0.382162
      0.19   0.910564   0.240788   0.380861
       0.2   0.896972   0.240401   0.379177
      0.21   0.878284    0.24194   0.379375
      0.22   0.874037   0.244963   0.382676
      0.23   0.869729   0.245451   0.382854
      0.24   0.864207   0.246541   0.383638
      0.25   0.852982   0.247167   0.383274
      0.26   0.841939   0.247536   0.382589
      0.27   0.833445   0.248193   0.382485
      0.28   0.822402   0.250317   0.383812
      0.29   0.816091   0.252194   0.385315
       0.3   0.810024    0.25553   0.388503
      0.31    0.80614    0.25749   0.390311
      0.32   0.803107    0.25975    0.39254
      0.33   0.795401   0.260539   0.392509
      0.34   0.791335   0.261487   0.393084
      0.35   0.778836   0.262182   0.392302
      0.36   0.773011   0.263288   0.392792
      0.37   0.763121   0.265831   0.394306
      0.38   0.758631   0.267182   0.395184
      0.39   0.755294   0.269601   0.397363
       0.4   0.749712    0.27201   0.399187
      0.41   0.745768   0.275018   0.401846
      0.42    0.74146   0.278369   0.404772
      0.43   0.739761   0.279934   0.406169
      0.44    0.73072     0.2798   0.404654
      0.45   0.729446    0.28174   0.406481
      0.46   0.714459   0.284622   0.407075
      0.47   0.711304   0.287028    0.40901
      0.48   0.697955   0.288103   0.407852
      0.49   0.693344   0.288465   0.407422
       0.5    0.68673   0.289208   0.407009
      0.51   0.676294    0.29153   0.407429
      0.52   0.668588   0.291839   0.406319
      0.53   0.655603   0.292806   0.404814
      0.54   0.652024   0.295742   0.406917
      0.55   0.647716   0.299658    0.40975
      0.56   0.642983   0.300347   0.409439
      0.57   0.634245    0.30427   0.411249
      0.58   0.628057   0.307184   0.412576
      0.59   0.619259   0.311122   0.414163
       0.6    0.61489   0.312634   0.414513
      0.61    0.61222   0.315252   0.416193
      0.62   0.607912   0.318398   0.417912
      0.63   0.602269   0.321211    0.41897
      0.64   0.597537   0.325849   0.421723
      0.65   0.597112   0.329627   0.424767
      0.66   0.589588   0.333693   0.426179
      0.67   0.587282   0.336354   0.427732
      0.68   0.584552   0.339336   0.429402
      0.69   0.583581   0.342384   0.431568
       0.7    0.57539   0.345242   0.431548
      0.71   0.569019   0.348177   0.432011
      0.72   0.566592   0.351212   0.433631
      0.73     0.5655   0.353448   0.435008
      0.74   0.559857   0.355784   0.435079
      0.75   0.556216   0.357711   0.435406
      0.76   0.555306   0.359652    0.43656
      0.77   0.548025   0.358966   0.433791
      0.78    0.54669   0.359178   0.433527
      0.79   0.541229   0.360418   0.432694
       0.8   0.539834   0.361746   0.433201
      0.81   0.536618   0.361944   0.432303
      0.82   0.530975   0.363445   0.431521
      0.83   0.528245   0.362994   0.430299
      0.84   0.521813   0.364288   0.429049
      0.85   0.518536   0.364587   0.428143
      0.86   0.516474   0.364762   0.427558
      0.87   0.515017    0.36437    0.42679
      0.88   0.507493   0.363872   0.423847
      0.89   0.506401   0.364214   0.423697
       0.9   0.499606   0.362675   0.420268
      0.91   0.493477   0.363914   0.418907
      0.92   0.493477   0.365769   0.420133
      0.93   0.488987   0.366783    0.41916
      0.94   0.485407   0.366627   0.417738
      0.95   0.482434   0.366482   0.416539
      0.96   0.480311   0.366427   0.415711
      0.97   0.477823   0.367765   0.415632
      0.98   0.477216   0.367635   0.415319
      0.99   0.475032   0.367689   0.414524
