         0          1   0.150167   0.261123
      0.01   0.997913   0.139675   0.245051
      0.02   0.996205   0.151257   0.262636
      0.03   0.992978   0.156034    0.26969
      0.04   0.981592   0.157998   0.272185
      0.05   0.977512   0.157931   0.271929
      0.06   0.970301    0.15764   0.271217
      0.07    0.96717   0.157614   0.271056
      0.08   0.963279   0.157952   0.271401
      0.09   0.961382   0.158049    0.27147
       0.1   0.959484   0.158022   0.271353
      0.11   0.957776   0.157982   0.271227
      0.12   0.955404   0.157991   0.271143
      0.13   0.952462   0.158418   0.271653
      0.14   0.951608    0.15857   0.271841
      0.15   0.949805   0.158984   0.272377
      0.16   0.948287   0.158929   0.272233
      0.17   0.944777   0.159193   0.272475
      0.18   0.943448   0.159542    0.27293
      0.19    0.94193   0.159823   0.273277
       0.2    0.94155   0.160299   0.273957
      0.21   0.936806   0.160595   0.274187
      0.22   0.934054   0.161259   0.275035
      0.23   0.933106   0.161459   0.275284
      0.24   0.931682   0.162599   0.276877
      0.25   0.927318   0.163568   0.278085
      0.26   0.923332   0.164569   0.279349
      0.27   0.922573    0.16542   0.280538
      0.28   0.917734   0.166384   0.281696
      0.29   0.912421   0.166978   0.282294
       0.3   0.903312   0.168433   0.283925
      0.31   0.896385   0.169574   0.285196
      0.32   0.895626   0.170534   0.286513
      0.33   0.892589   0.171423    0.28761
      0.34   0.888414   0.171606    0.28765
      0.35   0.878072   0.171449   0.286882
      0.36   0.872094   0.171544   0.286694
      0.37   0.866021   0.172332   0.287462
      0.38   0.860139   0.172775    0.28775
      0.39   0.855394   0.172493   0.287092
       0.4   0.851694   0.172433     0.2868
      0.41   0.839074   0.172401   0.286032
      0.42   0.826169   0.172208   0.285009
      0.43   0.821425   0.172393   0.284978
      0.44   0.814024   0.173594   0.286163
      0.45   0.806623   0.174187   0.286505
      0.46   0.791631    0.17413   0.285467
      0.47   0.770472   0.173863   0.283705
      0.48   0.763924   0.173702   0.283045
      0.49   0.752728   0.174589   0.283437
       0.5   0.735743   0.174386   0.281945
      0.51   0.726445    0.17464   0.281586
      0.52   0.723313    0.17507   0.281907
      0.53   0.709745    0.17658   0.282801
      0.54   0.703482   0.177661   0.283679
      0.55   0.694089   0.178479   0.283944
      0.56   0.686593    0.17822   0.282985
      0.57   0.676345   0.178756   0.282776
      0.58     0.6679   0.179041   0.282385
      0.59   0.652718   0.177397   0.278974
       0.6   0.644748   0.177563   0.278442
      0.61   0.633646   0.178516   0.278555
      0.62   0.625107   0.178827   0.278098
      0.63   0.621596   0.178859   0.277787
      0.64   0.615523   0.178667   0.276946
      0.65   0.607553   0.178616    0.27607
      0.66   0.603093   0.179003   0.276067
      0.67   0.599488    0.17995   0.276809
      0.68    0.58943   0.179563   0.275268
      0.69   0.578423   0.178875   0.273249
       0.7   0.568365   0.179665   0.273025
      0.71   0.559825   0.179535   0.271879
      0.72   0.557358    0.17937   0.271398
      0.73   0.545972   0.180656   0.271482
      0.74   0.541228    0.18075   0.270997
      0.75   0.534111    0.18058   0.269906
      0.76   0.528608   0.180006    0.26856
      0.77   0.516178    0.17849   0.265256
      0.78   0.508397   0.178411   0.264131
      0.79   0.491887   0.177227   0.260571
       0.8   0.489041   0.176861   0.259775
      0.81    0.48145   0.176578   0.258389
      0.82   0.473859   0.177323   0.258073
      0.83    0.46086   0.176604   0.255354
      0.84   0.452794    0.17667   0.254169
      0.85   0.448145      0.178   0.254797
      0.86    0.43989   0.177052   0.252482
      0.87   0.434102   0.177554   0.252026
      0.88   0.427839   0.177852   0.251257
      0.89   0.420249   0.177198   0.249284
       0.9   0.410001   0.175714      0.246
      0.91   0.402125   0.173731   0.242635
      0.92    0.39795   0.173048   0.241208
      0.93    0.39425   0.173284   0.240751
      0.94   0.391878   0.172845   0.239884
      0.95   0.384477   0.170502   0.236239
      0.96   0.380681   0.169436   0.234499
      0.97   0.368631   0.167587    0.23042
      0.98   0.367777   0.167926   0.230573
      0.99   0.358478   0.166833   0.227698
