         0          1   0.282356    0.44037
      0.01   0.999099   0.273806   0.429819
      0.02   0.999099   0.273806   0.429819
      0.03   0.999099   0.273852   0.429876
      0.04   0.999099   0.273867   0.429895
      0.05   0.999099     0.2741   0.430182
      0.06   0.999099   0.274653   0.430862
      0.07   0.999099     0.2751   0.431412
      0.08   0.999099   0.276241   0.432813
      0.09   0.999099   0.277291   0.434101
       0.1   0.999099   0.279185   0.436419
      0.11   0.998986   0.281668   0.439436
      0.12   0.998986    0.28369   0.441893
      0.13   0.998986   0.287298   0.446258
      0.14   0.998874   0.289389   0.448764
      0.15   0.998255   0.292584   0.452533
      0.16   0.998142   0.294508   0.454818
      0.17   0.997917   0.297005   0.457767
      0.18   0.997917   0.299163   0.460326
      0.19   0.997579   0.302105   0.463765
       0.2   0.997579   0.304289   0.466333
      0.21   0.997297   0.306812    0.46926
      0.22   0.996059   0.309769   0.472571
      0.23   0.995327   0.312098   0.475193
      0.24   0.994764   0.314549   0.477964
      0.25   0.994538   0.316192   0.479832
      0.26   0.992624   0.319279   0.483151
      0.27   0.989133   0.321293   0.485035
      0.28   0.987782   0.324011   0.487961
      0.29   0.985529   0.325323   0.489171
       0.3   0.984065   0.328455    0.49252
      0.31   0.982432   0.330888   0.495043
      0.32   0.978998   0.333045   0.497011
      0.33   0.975282   0.334724   0.498395
      0.34   0.965146   0.335849   0.498301
      0.35   0.962387    0.33855   0.500894
      0.36    0.96098   0.340444   0.502772
      0.37   0.959178    0.34313   0.505445
      0.38   0.957264   0.345026    0.50723
      0.39    0.95152   0.346775   0.508303
       0.4   0.949493   0.348313   0.509662
      0.41   0.943863   0.350575   0.511256
      0.42   0.936205   0.351865    0.51149
      0.43   0.931194     0.3526   0.511514
      0.44   0.925507   0.354644   0.512791
      0.45   0.921396   0.354701   0.512218
      0.46   0.915372   0.356171   0.512808
      0.47   0.908052   0.356729   0.512229
      0.48   0.903378   0.358418   0.513216
      0.49   0.899831   0.358497   0.512723
       0.5   0.896284   0.358745   0.512399
      0.51   0.890203   0.358732   0.511386
      0.52   0.879786   0.358903   0.509826
      0.53   0.874268   0.358581   0.508571
      0.54   0.869257   0.359245   0.508385
      0.55   0.859178   0.360049   0.507447
      0.56   0.853322   0.361784   0.508134
      0.57   0.847523   0.361839   0.507155
      0.58   0.839921   0.361258   0.505217
      0.59   0.834009   0.362169   0.505028
       0.6   0.829899   0.362406   0.504502
      0.61   0.823986   0.363511   0.504469
      0.62   0.811937   0.363644   0.502315
      0.63   0.803829   0.364457   0.501523
      0.64   0.797072   0.365772   0.501437
      0.65   0.793356   0.365117   0.500086
      0.66   0.786318    0.36458   0.498177
      0.67   0.778209   0.363745   0.495764
      0.68    0.77393   0.363843   0.494983
      0.69   0.770495   0.363361   0.493833
       0.7    0.76143   0.362341   0.491021
      0.71   0.750056    0.36176   0.488102
      0.72   0.745439    0.36158   0.486958
      0.73   0.741554   0.362001   0.486506
      0.74   0.734178   0.362219   0.485103
      0.75   0.722579   0.361434   0.481848
      0.76   0.718637   0.361614   0.481128
      0.77   0.714358   0.362472    0.48092
      0.78   0.709797   0.362008   0.479476
      0.79   0.700282   0.362097   0.477362
       0.8   0.693243   0.362801   0.476324
      0.81   0.682432   0.362573   0.473551
      0.82    0.67714   0.361542   0.471394
      0.83   0.672579   0.361731   0.470445
      0.84   0.664921   0.361234    0.46814
      0.85   0.657207   0.361249   0.466226
      0.86   0.650507   0.361877   0.465048
      0.87   0.647185   0.361619   0.463983
      0.88   0.638063   0.362814   0.462591
      0.89   0.631532   0.364413   0.462151
       0.9   0.619764   0.364123   0.458732
      0.91   0.610867   0.363782   0.456005
      0.92   0.605518   0.363351    0.45417
      0.93   0.594257   0.364995   0.452229
      0.94   0.588119   0.364813   0.450302
      0.95   0.583333   0.366419   0.450106
      0.96   0.576745   0.368405   0.449613
      0.97   0.568131   0.369006   0.447413
      0.98   0.564865   0.369252   0.446577
      0.99   0.556137   0.371278   0.445284
