         0          1   0.230724    0.37494
      0.01          1   0.214043   0.352612
      0.02          1   0.213759   0.352226
      0.03          1   0.213386   0.351719
      0.04   0.999154   0.212001   0.349784
      0.05   0.998223   0.210784    0.34807
      0.06   0.996192   0.209187   0.345768
      0.07     0.9956   0.208154    0.34432
      0.08   0.991708   0.205967   0.341093
      0.09   0.990523   0.204409   0.338885
       0.1   0.984684   0.202544   0.335979
      0.11   0.981554   0.201149   0.333877
      0.12   0.978084   0.200217   0.332392
      0.13   0.975546   0.198982   0.330544
      0.14   0.973092   0.198284    0.32944
      0.15   0.966238   0.197113   0.327431
      0.16   0.962938   0.196339   0.326172
      0.17   0.957522   0.195476   0.324671
      0.18   0.955322   0.195177   0.324132
      0.19   0.948299   0.194661   0.323015
       0.2   0.945168   0.194421   0.322503
      0.21   0.939245   0.194665   0.322492
      0.22   0.933068   0.194521   0.321928
      0.23   0.929007    0.19461   0.321807
      0.24   0.922914   0.194206   0.320889
      0.25    0.91843   0.194028   0.320374
      0.26   0.910476   0.193538    0.31922
      0.27   0.905652    0.19335   0.318667
      0.28   0.901422   0.193642     0.3188
      0.29   0.895752   0.193413   0.318134
       0.3   0.889068    0.19362   0.317989
      0.31   0.879844   0.194176   0.318141
      0.32   0.877814   0.194573   0.318539
      0.33   0.872144   0.195628   0.319574
      0.34    0.86749   0.195908   0.319633
      0.35   0.857759   0.195318   0.318184
      0.36   0.854713   0.196128   0.319046
      0.37   0.848621   0.196941   0.319691
      0.38   0.843121   0.198137   0.320869
      0.39   0.838551   0.199029   0.321703
       0.4   0.835251   0.199685   0.322314
      0.41   0.825436   0.200602   0.322765
      0.42   0.818074   0.201513   0.323371
      0.43   0.812151   0.202076   0.323628
      0.44   0.805974   0.202669   0.323892
      0.45   0.800728   0.203681   0.324754
      0.46   0.791166   0.204814   0.325392
      0.47    0.78702   0.205001   0.325276
      0.48   0.780589   0.206423   0.326504
      0.49   0.772212    0.20712   0.326632
       0.5   0.766881   0.208795   0.328226
      0.51   0.760958     0.2097   0.328793
      0.52   0.759096   0.210599   0.329722
      0.53   0.752665   0.211695   0.330448
      0.54   0.747081   0.212666   0.331084
      0.55   0.741158   0.213996   0.332103
      0.56   0.733627   0.215109   0.332674
      0.57   0.725842    0.21546   0.332284
      0.58   0.721273   0.215708   0.332097
      0.59   0.716957   0.217419   0.333656
       0.6   0.713403   0.218139   0.334115
      0.61   0.703842    0.21993   0.335139
      0.62   0.696818   0.220331     0.3348
      0.63   0.695126   0.221105   0.335496
      0.64   0.686157   0.220782   0.334071
      0.65   0.683449   0.222069   0.335217
      0.66   0.676764   0.223287   0.335787
      0.67    0.67448   0.223972   0.336278
      0.68    0.66898   0.224771   0.336486
      0.69   0.663395   0.225303   0.336369
       0.7   0.655018   0.226067   0.336126
      0.71   0.652818   0.226825   0.336672
      0.72    0.64021   0.226485     0.3346
      0.73   0.627687   0.227277   0.333718
      0.74   0.621594   0.227153   0.332719
      0.75   0.610932   0.226572   0.330554
      0.76   0.597055   0.226083   0.327974
      0.77   0.589948   0.226964   0.327812
      0.78   0.584194   0.227174   0.327136
      0.79   0.580217   0.227444   0.326788
       0.8   0.574463   0.227545   0.325972
      0.81   0.566932   0.228634   0.325856
      0.82   0.559824   0.228827   0.324865
      0.83   0.552039   0.229616    0.32433
      0.84   0.544339   0.230539     0.3239
      0.85   0.536808   0.231411   0.323406
      0.86   0.533001   0.231963   0.323248
      0.87   0.527839   0.232631   0.322937
      0.88   0.522677   0.233126   0.322438
      0.89   0.520308   0.232621   0.321503
       0.9   0.516839    0.23416   0.322298
      0.91   0.509139   0.234331   0.320947
      0.92   0.505585   0.235433   0.321264
      0.93   0.501185   0.235219   0.320173
      0.94   0.499492     0.2359   0.320456
      0.95   0.489931   0.236361   0.318882
      0.96   0.487307   0.237186   0.319071
      0.97   0.482569   0.237853   0.318648
      0.98   0.476392   0.236531   0.316111
      0.99   0.471992   0.236005   0.314669
