         0          1   0.253826   0.404882
      0.01   0.999726   0.244468   0.392866
      0.02   0.999726   0.246072   0.394935
      0.03   0.999508   0.249544   0.399377
      0.04   0.999508    0.25663     0.4084
      0.05   0.999508   0.261658   0.414742
      0.06   0.999179   0.268238   0.422935
      0.07   0.999015   0.271806   0.427344
      0.08   0.998304   0.275631    0.43199
      0.09   0.998304    0.27774   0.434576
       0.1   0.996225    0.28043   0.437661
      0.11   0.995513   0.283304   0.441084
      0.12   0.994419   0.285489   0.443619
      0.13   0.990862   0.287875   0.446135
      0.14   0.988619   0.289634   0.448014
      0.15   0.985555   0.292471    0.45108
      0.16   0.984132    0.29457   0.453422
      0.17    0.97773   0.297495   0.456186
      0.18   0.976527   0.299093    0.45793
      0.19   0.974064   0.301905   0.460944
       0.2   0.970727   0.304488   0.463568
      0.21   0.967553   0.308149    0.46743
      0.22   0.963887   0.311178   0.470471
      0.23   0.959346   0.312539   0.471478
      0.24   0.955406   0.315823   0.474721
      0.25   0.951357   0.318347   0.477059
      0.26   0.944189   0.322228    0.48048
      0.27   0.942055   0.324449   0.482666
      0.28   0.935982   0.326779   0.484429
      0.29    0.93155   0.328789   0.486033
       0.3   0.921044   0.333314   0.489488
      0.31   0.914642    0.33518   0.490581
      0.32   0.911031   0.336969    0.49197
      0.33   0.903206   0.340076   0.494109
      0.34   0.897516   0.341931   0.495202
      0.35   0.890676   0.344154   0.496473
      0.36   0.886682   0.346335    0.49811
      0.37   0.881867   0.349638   0.500744
      0.38    0.87459   0.351364   0.501322
      0.39    0.86485   0.352918    0.50128
       0.4   0.857573   0.354606   0.501742
      0.41   0.848873   0.357788     0.5034
      0.42   0.837437   0.359783   0.503326
      0.43   0.832513   0.361947   0.504538
      0.44   0.822445    0.36586   0.506435
      0.45   0.816754   0.367827   0.507224
      0.46    0.80975   0.369553   0.507495
      0.47   0.801652    0.36916   0.505526
      0.48   0.788356   0.370434   0.504032
      0.49   0.784198   0.371209   0.503894
       0.5   0.774185   0.373784   0.504157
      0.51   0.766524   0.375925   0.504453
      0.52   0.762092   0.377539   0.504934
      0.53   0.753338   0.378199   0.503584
      0.54   0.748796   0.379427   0.503648
      0.55   0.739276   0.381462    0.50325
      0.56   0.732819   0.381932   0.502151
      0.57   0.724174   0.382394   0.500502
      0.58   0.721493   0.384438   0.501603
      0.59    0.71438   0.385203   0.500519
       0.6   0.708634   0.385781   0.499587
      0.61   0.696159   0.387119   0.497557
      0.62   0.687787    0.38923   0.497128
      0.63   0.678321   0.389123   0.494547
      0.64   0.671974   0.390772    0.49417
      0.65   0.667816   0.391502   0.493622
      0.66   0.657638   0.394741   0.493352
      0.67   0.654574   0.396371   0.493754
      0.68   0.645491   0.396893   0.491548
      0.69   0.639308   0.398299   0.490814
       0.7   0.635861   0.401194   0.491977
      0.71   0.627927   0.403742   0.491476
      0.72    0.62552   0.405955   0.492368
      0.73    0.61879   0.407435   0.491347
      0.74   0.614631   0.408201   0.490585
      0.75   0.604618   0.408813     0.4878
      0.76   0.601554   0.410222   0.487797
      0.77   0.594769   0.411906   0.486729
      0.78   0.588477    0.41222   0.484826
      0.79   0.581801   0.412907   0.483016
       0.8   0.577479   0.414707   0.482741
      0.81   0.570858   0.414889   0.480534
      0.82   0.567301   0.416032   0.480032
      0.83   0.561611    0.41536   0.477539
      0.84     0.5551   0.417662   0.476672
      0.85   0.551215   0.418138   0.475542
      0.86   0.545196   0.417095   0.472619
      0.87   0.542734   0.418599   0.472652
      0.88   0.534526    0.41639    0.46812
      0.89   0.530587   0.415628   0.466124
       0.9   0.518166   0.413903   0.460203
      0.91   0.507332   0.414407   0.456185
      0.92   0.502025   0.413515   0.453491
      0.93   0.490753   0.410271   0.446918
      0.94     0.4855   0.409817    0.44446
      0.95     0.4739    0.40744   0.438165
      0.96   0.466349    0.40525   0.433658
      0.97   0.453546   0.400743   0.425513
      0.98   0.451302   0.401135   0.424743
      0.99   0.444025   0.400323   0.421043
