         0          1   0.418411   0.589971
      0.01    0.99981   0.402641   0.574087
      0.02    0.99981   0.404334   0.575805
      0.03   0.999525   0.409464   0.580941
      0.04   0.998671   0.419049   0.590374
      0.05   0.997943   0.423609   0.594755
      0.06   0.997025    0.42926   0.600137
      0.07    0.99693   0.432994   0.603759
      0.08   0.996424    0.43867   0.609161
      0.09   0.996266   0.442435   0.612751
       0.1   0.996202    0.44765   0.617722
      0.11   0.996202   0.453365   0.623142
      0.12   0.996107   0.457295   0.626826
      0.13   0.995949    0.46332   0.632431
      0.14   0.995917   0.466592   0.635465
      0.15   0.995633    0.47184   0.640256
      0.16      0.995   0.475376   0.643372
      0.17   0.994873    0.48074   0.648239
      0.18   0.994873   0.484243   0.651416
      0.19   0.994588   0.488898   0.655554
       0.2   0.994525   0.492498   0.658768
      0.21   0.994114   0.497675   0.663291
      0.22   0.993481   0.501619   0.666643
      0.23   0.993449   0.504516   0.669189
      0.24   0.993386   0.508985   0.673094
      0.25   0.993322   0.510946   0.674792
      0.26   0.993259   0.514373   0.677759
      0.27   0.992974    0.51641   0.679458
      0.28   0.992753   0.518945   0.681596
      0.29   0.992626   0.520509   0.682914
       0.3   0.992436   0.522639     0.6847
      0.31   0.991297   0.523986   0.685583
      0.32   0.990537   0.524829   0.686121
      0.33   0.990221   0.526022   0.687064
      0.34   0.989651   0.526709   0.687512
      0.35   0.989271   0.527201   0.687839
      0.36   0.989082   0.527503   0.688051
      0.37   0.988765   0.528161   0.688534
      0.38   0.988733   0.527978    0.68837
      0.39   0.988449   0.528017   0.688334
       0.4   0.987942   0.527624   0.687877
      0.41   0.987531   0.528259   0.688317
      0.42   0.987151   0.528286   0.688248
      0.43   0.986866   0.528276    0.68817
      0.44   0.986486   0.527713     0.6876
      0.45   0.985505   0.527765   0.687406
      0.46   0.983986   0.528326   0.687511
      0.47   0.983733   0.528105   0.687262
      0.48   0.983132   0.528132   0.687138
      0.49   0.982879   0.528123   0.687069
       0.5   0.981961   0.527745   0.686524
      0.51   0.981644   0.527999   0.686662
      0.52   0.981043   0.527965   0.686486
      0.53   0.979935   0.528105   0.686332
      0.54   0.979081   0.527683   0.685767
      0.55   0.976961   0.527475    0.68507
      0.56   0.976011   0.527321   0.684707
      0.57   0.975631   0.527198    0.68451
      0.58   0.973986   0.526941   0.683888
      0.59   0.973036     0.5278   0.684377
       0.6   0.972245   0.528718   0.684952
      0.61   0.970884   0.529204   0.685021
      0.62   0.969302   0.530052   0.685336
      0.63   0.968795   0.531035    0.68603
      0.64   0.967878   0.533112   0.687529
      0.65   0.967055   0.534801   0.688724
      0.66   0.965599   0.537095   0.690251
      0.67   0.964238   0.538717    0.69124
      0.68   0.960915    0.54121   0.692428
      0.69   0.959903    0.54412    0.69454
       0.7   0.956643   0.547362   0.696314
      0.71   0.955029   0.550035   0.698043
      0.72   0.953889   0.552635   0.699826
      0.73    0.95237    0.55597   0.702082
      0.74   0.950535   0.558815   0.703843
      0.75   0.948573   0.563319   0.706862
      0.76   0.946927   0.566457   0.708866
      0.77   0.944553   0.570384   0.711261
      0.78   0.942971   0.574216    0.71378
      0.79     0.9393   0.581096   0.718002
       0.8   0.936009   0.585833   0.720633
      0.81   0.932179   0.591526   0.723773
      0.82    0.92547   0.597803   0.726395
      0.83   0.922179    0.60352   0.729572
      0.84   0.917052   0.612372   0.734364
      0.85   0.913159   0.618572   0.737538
      0.86   0.907273   0.627838   0.742123
      0.87   0.901798    0.63224   0.743336
      0.88   0.896892   0.639533   0.746658
      0.89   0.892651   0.644776   0.748731
       0.9   0.885404   0.652038    0.75101
      0.91   0.881385   0.657847   0.753384
      0.92   0.878505   0.661547   0.754743
      0.93   0.872713   0.666133   0.755557
      0.94   0.868346   0.668772   0.755603
      0.95   0.859738   0.672184    0.75448
      0.96   0.855466   0.674977   0.754578
      0.97   0.849674   0.677358   0.753794
      0.98   0.846414   0.679486   0.753819
      0.99   0.838154   0.681654   0.751847
