         0          1   0.223412   0.365227
      0.01   0.999578   0.223604   0.365456
      0.02   0.999578   0.223604   0.365456
      0.03   0.999578   0.223639   0.365503
      0.04   0.999578   0.224205   0.366259
      0.05   0.999578   0.225208   0.367595
      0.06   0.999578   0.227299   0.370377
      0.07   0.999578   0.229079   0.372736
      0.08   0.999578      0.232   0.376593
      0.09   0.999578   0.233696   0.378825
       0.1   0.999578   0.236069   0.381936
      0.11   0.999367   0.238195   0.384698
      0.12   0.999085   0.239578   0.386479
      0.13   0.999085   0.242145   0.389813
      0.14   0.999085   0.243509   0.391578
      0.15   0.998804   0.245998   0.394767
      0.16   0.998522   0.247381   0.396524
      0.17   0.998522   0.249833   0.399668
      0.18   0.998382   0.251374   0.401626
      0.19    0.99803   0.253318   0.404074
       0.2    0.99796   0.254782   0.405929
      0.21   0.997045   0.256906   0.408544
      0.22   0.995849   0.258961   0.411036
      0.23   0.995427   0.260832   0.413353
      0.24   0.993597    0.26333   0.416323
      0.25   0.993105   0.265262    0.41869
      0.26   0.993035   0.267933   0.422005
      0.27   0.991909   0.269522   0.423869
      0.28   0.990994   0.271705    0.42648
      0.29   0.990291   0.273999   0.429234
       0.3   0.988672    0.27606   0.431606
      0.31   0.986351   0.279214   0.435225
      0.32   0.985858   0.281433   0.437868
      0.33   0.984169   0.284233    0.44108
      0.34   0.983044   0.285738   0.442776
      0.35   0.980652   0.287899   0.445119
      0.36   0.979033   0.289803   0.447224
      0.37     0.9765   0.292197     0.4498
      0.38   0.976008   0.294157   0.452066
      0.39   0.973053    0.29691   0.454988
       0.4   0.972068   0.298784   0.457076
      0.41   0.970872   0.301578   0.460205
      0.42   0.970027   0.303766   0.462652
      0.43   0.967706   0.305467   0.464355
      0.44   0.965173   0.308277   0.467299
      0.45    0.96468   0.310001   0.469218
      0.46   0.963343   0.312372   0.471769
      0.47   0.960177   0.314273    0.47355
      0.48   0.958489   0.316838   0.476247
      0.49   0.956659   0.318773   0.478202
       0.5   0.954127   0.322359   0.481903
      0.51   0.951031   0.325587   0.485099
      0.52    0.94885   0.327566   0.487005
      0.53    0.94505   0.330115    0.48931
      0.54   0.943854   0.331064    0.49019
      0.55   0.940407   0.333675   0.492575
      0.56   0.938296   0.334916   0.493634
      0.57   0.936185   0.337561   0.496205
      0.58   0.934356   0.338561   0.497026
      0.59    0.92732   0.340683   0.498299
       0.6   0.925843     0.3429    0.50045
      0.61   0.921058   0.345752   0.502771
      0.62   0.916766   0.346942   0.503383
      0.63   0.913108   0.348349   0.504307
      0.64   0.909379   0.349798   0.505249
      0.65   0.904172   0.351392   0.506097
      0.66   0.900725   0.352641   0.506847
      0.67   0.896855   0.353955   0.507585
      0.68   0.890171   0.354727   0.507299
      0.69   0.889256   0.355691   0.508135
       0.7   0.883065   0.357376    0.50883
      0.71   0.880884   0.358937   0.510044
      0.72   0.875888   0.359221   0.509489
      0.73   0.868923   0.360042   0.509125
      0.74   0.866531   0.360166   0.508838
      0.75   0.860128   0.361641   0.509192
      0.76   0.855625   0.362128   0.508881
      0.77    0.84676   0.362867   0.508026
      0.78   0.839654   0.363999   0.507843
      0.79   0.837825   0.367145   0.510557
       0.8   0.828959   0.367923   0.509647
      0.81    0.82122   0.368885   0.509091
      0.82   0.818828   0.369215   0.508944
      0.83   0.810244   0.368949   0.507023
      0.84   0.801731   0.371446   0.507681
      0.85   0.793006   0.371722   0.506174
      0.86   0.786815   0.374507   0.507469
      0.87   0.778231   0.374497   0.505662
      0.88   0.771829   0.374717   0.504502
      0.89   0.766481   0.376869   0.505292
       0.9   0.755294   0.376868   0.502837
      0.91   0.747766   0.378102   0.502246
      0.92   0.743334   0.379285   0.502281
      0.93   0.731302   0.380397   0.500468
      0.94   0.720538   0.379268   0.496955
      0.95   0.706958   0.380174   0.494452
      0.96   0.701259   0.381006    0.49375
      0.97   0.692113   0.380482   0.491027
      0.98   0.687751   0.380596   0.490019
      0.99   0.678463   0.381353   0.488262
