         0          1   0.176689   0.300316
      0.01   0.998274   0.158465   0.273513
      0.02   0.998274   0.158252   0.273195
      0.03   0.998274    0.15804    0.27288
      0.04   0.997781   0.158373   0.273357
      0.05   0.997123    0.15844   0.273433
      0.06   0.997123   0.159249   0.274637
      0.07   0.996712   0.159895   0.275581
      0.08   0.995726   0.161378   0.277741
      0.09   0.995726    0.16194   0.278574
       0.1    0.99548    0.16354   0.280928
      0.11   0.995151   0.164572   0.282437
      0.12   0.994493    0.16566    0.28401
      0.13   0.992603   0.166347   0.284942
      0.14   0.989891   0.166281   0.284733
      0.15   0.987178   0.166508   0.284953
      0.16   0.983151   0.166314   0.284501
      0.17   0.974357   0.165678   0.283201
      0.18   0.970494   0.165373   0.282592
      0.19   0.963261   0.164897    0.28159
       0.2   0.957344   0.164437   0.280666
      0.21   0.942714   0.163639   0.278871
      0.22   0.929975    0.16286   0.277179
      0.23   0.923564   0.163596   0.277956
      0.24   0.912057   0.163466   0.277242
      0.25   0.909756   0.163614   0.277349
      0.26   0.896688   0.163333   0.276332
      0.27   0.892332   0.163682   0.276623
      0.28   0.876469   0.163998   0.276297
      0.29   0.870634   0.163122   0.274764
       0.3    0.85584   0.162502   0.273142
      0.31   0.845073    0.16144   0.271091
      0.32   0.835374    0.16169   0.270939
      0.33   0.824361   0.161075   0.269493
      0.34   0.820169   0.161135   0.269351
      0.35   0.805293   0.161357   0.268845
      0.36   0.793704   0.161251   0.268045
      0.37    0.78228   0.161017   0.267065
      0.38   0.777842   0.161682   0.267717
      0.39   0.762554   0.162227   0.267537
       0.4   0.757459   0.162795   0.267993
      0.41   0.744144    0.16241   0.266628
      0.42     0.7365   0.164062   0.268347
      0.43   0.729268   0.165303   0.269515
      0.44   0.715789   0.165582   0.268948
      0.45   0.714638   0.166986   0.270715
      0.46   0.703871   0.168719   0.272193
      0.47   0.696228   0.169026   0.272013
      0.48   0.691871   0.169601   0.272423
      0.49   0.686283   0.170143   0.272683
       0.5   0.681351   0.172592   0.275419
      0.51   0.677324   0.174442   0.277433
      0.52   0.672886   0.175028   0.277797
      0.53   0.666146   0.175763   0.278139
      0.54   0.659324   0.176547   0.278516
      0.55   0.647818   0.180107   0.281853
      0.56   0.638037   0.181452    0.28255
      0.57   0.629079    0.18448   0.285296
      0.58   0.626366   0.185706   0.286477
      0.59   0.620202     0.1875   0.287947
       0.6   0.617326   0.189027    0.28943
      0.61   0.609682   0.191528   0.291487
      0.62   0.598504   0.192821   0.291673
      0.63   0.593984   0.193429   0.291826
      0.64   0.581655   0.195597   0.292749
      0.65   0.569984   0.196403   0.292141
      0.66   0.559135   0.198437   0.292917
      0.67   0.542944   0.199415   0.291695
      0.68   0.538588   0.202787   0.294638
      0.69   0.528807   0.204721    0.29517
       0.7   0.527081   0.206156   0.296387
      0.71   0.525766   0.209424   0.299536
      0.72   0.521821   0.210847   0.300339
      0.73   0.514589   0.213133   0.301422
      0.74   0.514096    0.21537   0.303567
      0.75   0.510397   0.216375   0.303912
      0.76   0.507767   0.218499   0.305526
      0.77   0.498397   0.219436   0.304713
      0.78   0.492562   0.220765   0.304883
      0.79   0.488288   0.224619   0.307694
       0.8   0.488041   0.225349   0.308329
      0.81   0.484425   0.227834   0.309911
      0.82   0.475466   0.230951   0.310891
      0.83   0.471028   0.232108   0.310977
      0.84   0.462316   0.233792   0.310543
      0.85   0.459933    0.23498   0.311046
      0.86    0.45196   0.236545   0.310554
      0.87   0.444563   0.237138   0.309294
      0.88   0.432728   0.237241   0.306465
      0.89   0.422125   0.237279   0.303794
       0.9   0.414153   0.238715   0.302862
      0.91   0.404372   0.239797   0.301062
      0.92   0.404208   0.240774   0.301785
      0.93    0.39977   0.242036    0.30152
      0.94   0.393934   0.242309   0.300054
      0.95   0.389167   0.243402    0.29949
      0.96     0.3844   0.243636   0.298243
      0.97   0.377579   0.246253   0.298093
      0.98   0.371086   0.246884   0.296503
      0.99   0.359579   0.247259   0.293024
