         0          1   0.263807   0.417479
      0.01    0.99966   0.222115   0.363471
      0.02    0.99966   0.252629    0.40333
      0.03   0.999622   0.288108   0.447298
      0.04   0.999622   0.313261   0.477031
      0.05   0.999622   0.320777   0.485695
      0.06   0.999622   0.330085    0.49629
      0.07   0.999396   0.337645   0.504757
      0.08    0.99932   0.350893   0.519406
      0.09   0.999245    0.36029   0.529619
       0.1   0.998867   0.374174   0.544412
      0.11   0.996941   0.388851    0.55948
      0.12   0.996261   0.397679    0.56845
      0.13   0.996147   0.410347   0.581256
      0.14   0.995581   0.417242    0.58804
      0.15   0.995052   0.426296   0.596879
      0.16   0.994485   0.430726   0.601105
      0.17   0.994221   0.436062   0.606232
      0.18   0.993768   0.439849   0.609797
      0.19   0.992559   0.444724   0.614235
       0.2   0.992068   0.447476    0.61676
      0.21   0.991237    0.45215   0.621022
      0.22   0.988669   0.454728   0.622941
      0.23   0.987611   0.455066   0.623047
      0.24    0.98508   0.456765   0.624131
      0.25   0.982512   0.458229   0.624977
      0.26   0.980699   0.459609   0.625891
      0.27   0.979792   0.460352   0.626395
      0.28   0.969745    0.46069   0.624638
      0.29   0.966232   0.462052   0.625155
       0.3   0.962606   0.463048   0.625303
      0.31   0.959018   0.464716   0.626059
      0.32   0.957432   0.466504   0.627339
      0.33   0.953277   0.469276    0.62894
      0.34   0.950444   0.469998   0.628969
      0.35   0.946176   0.472445   0.630212
      0.36    0.94221   0.472934   0.629764
      0.37   0.937186   0.474029   0.629604
      0.38   0.933787   0.475376   0.630019
      0.39   0.928725   0.479218   0.632215
       0.4   0.921775   0.481208   0.632318
      0.41   0.917885   0.483759   0.633592
      0.42   0.916412   0.487177   0.636162
      0.43   0.914183   0.489035   0.637203
      0.44   0.909046   0.491501   0.638032
      0.45   0.909046   0.493141   0.639413
      0.46   0.906856     0.4942   0.639758
      0.47   0.903532   0.494425   0.639117
      0.48   0.899377   0.496317   0.639647
      0.49   0.897488   0.496684   0.639473
       0.5   0.892805   0.498679   0.639925
      0.51   0.888763   0.498759    0.63895
      0.52   0.885061   0.498416    0.63771
      0.53   0.878263   0.499331   0.636681
      0.54   0.876298   0.499887   0.636615
      0.55   0.870633   0.502938   0.637571
      0.56   0.864665   0.505386   0.637918
      0.57    0.85152   0.508684   0.636896
      0.58   0.846346   0.510866   0.637143
      0.59   0.843173   0.512738   0.637692
       0.6   0.839924   0.513375   0.637252
      0.61   0.833239   0.514893   0.636479
      0.62   0.821605   0.516259   0.634087
      0.63   0.815864   0.516018   0.632189
      0.64   0.809065   0.517734   0.631415
      0.65   0.807252   0.519315   0.632035
      0.66   0.801624   0.519955   0.630774
      0.67   0.800038   0.520238   0.630489
      0.68   0.789688   0.520915   0.627742
      0.69   0.781076   0.521164   0.625182
       0.7   0.772956   0.521759   0.622989
      0.71   0.768536   0.522018   0.621733
      0.72   0.760604   0.523389   0.620084
      0.73   0.751841   0.523539   0.617256
      0.74   0.747535   0.524708   0.616608
      0.75   0.735864   0.524175   0.612237
      0.76   0.730954   0.524368   0.610662
      0.77   0.715883   0.524242   0.605255
      0.78   0.713314   0.523329   0.603728
      0.79   0.703116   0.523311   0.600033
       0.8    0.69711   0.523742   0.598117
      0.81   0.690538   0.524291   0.596039
      0.82   0.680415   0.523432   0.591688
      0.83   0.675845   0.522855   0.589587
      0.84   0.669197   0.523646   0.587542
      0.85    0.66255   0.522916   0.584509
      0.86     0.6556   0.522898   0.581777
      0.87   0.648574   0.522905   0.578999
      0.88   0.640378   0.523403   0.576011
      0.89   0.637054   0.521676   0.573621
       0.9   0.629386   0.522372   0.570908
      0.91     0.6261   0.523471   0.570204
      0.92   0.619226   0.524601   0.567999
      0.93   0.615411   0.524872   0.566547
      0.94   0.612805   0.524723   0.565354
      0.95    0.60899   0.523038   0.562751
      0.96   0.598074   0.520868   0.556807
      0.97   0.583834   0.518545   0.549256
      0.98   0.580434   0.517914   0.547395
      0.99   0.574278   0.518638   0.545042
