         0          1   0.181029   0.306561
      0.01   0.999569   0.167011   0.286202
      0.02   0.999569   0.167351   0.286701
      0.03   0.998384   0.168242   0.287959
      0.04   0.998061   0.169796   0.290219
      0.05   0.997953   0.170377   0.291062
      0.06    0.99763   0.171374   0.292501
      0.07   0.996769    0.17237   0.293914
      0.08    0.99483   0.173511   0.295486
      0.09   0.992568   0.174029   0.296136
       0.1   0.986428   0.174815   0.296996
      0.11   0.983735   0.175618   0.298032
      0.12   0.981258    0.17618   0.298726
      0.13   0.979535   0.177342   0.300314
      0.14   0.978781   0.177889   0.301062
      0.15   0.975765   0.178452   0.301724
      0.16    0.97221   0.178707   0.301918
      0.17   0.968548   0.179171   0.302401
      0.18   0.960685   0.179273   0.302161
      0.19   0.957777   0.180723   0.304071
       0.2    0.95056   0.180992   0.304084
      0.21   0.943236   0.181667   0.304657
      0.22   0.936988   0.182671   0.305737
      0.23    0.93171   0.183499   0.306612
      0.24   0.924601   0.184608   0.307767
      0.25   0.916846   0.184726   0.307497
      0.26   0.911245   0.185571   0.308348
      0.27   0.905213   0.186191   0.308855
      0.28   0.896381   0.186773   0.309134
      0.29   0.889703   0.187403   0.309594
       0.3   0.870207   0.187638   0.308711
      0.31   0.865898   0.189362   0.310764
      0.32   0.853404   0.189835   0.310583
      0.33   0.843386   0.190988   0.311448
      0.34   0.835416   0.190882    0.31076
      0.35   0.824537   0.191423   0.310711
      0.36   0.821198   0.192091   0.311352
      0.37   0.815381   0.192452   0.311404
      0.38   0.811935   0.192955   0.311809
      0.39   0.804395   0.193138   0.311487
       0.4   0.796101   0.193519   0.311354
      0.41     0.7919   0.194686   0.312535
      0.42    0.78533   0.195903   0.313582
      0.43   0.777467   0.196156   0.313273
      0.44   0.768311   0.196804   0.313345
      0.45    0.76411    0.19765   0.314062
      0.46   0.760448   0.198169   0.314405
      0.47   0.754308     0.1985   0.314292
      0.48   0.746445   0.199018   0.314251
      0.49   0.739229   0.199395   0.314073
       0.5   0.733735   0.200149   0.314506
      0.51    0.72081   0.201196   0.314583
      0.52   0.717794    0.20207   0.315361
      0.53   0.713378   0.203336   0.316468
      0.54   0.712408    0.20421    0.31743
      0.55   0.698298   0.205369   0.317393
      0.56   0.690651   0.206048   0.317402
      0.57   0.687635   0.207395   0.318676
      0.58   0.686127   0.208347   0.319635
      0.59   0.683649   0.209452   0.320662
       0.6   0.682141   0.210852   0.322132
      0.61   0.677725   0.212157   0.323154
      0.62   0.674601   0.212217   0.322866
      0.63   0.672878   0.213696   0.324376
      0.64   0.669647   0.214612    0.32505
      0.65   0.666846   0.215393   0.325612
      0.66   0.664477   0.217154   0.327334
      0.67   0.659737   0.218631   0.328425
      0.68   0.648966   0.219877   0.328466
      0.69   0.645842   0.221108   0.329433
       0.7   0.639164   0.221951   0.329487
      0.71   0.634209   0.223556   0.330583
      0.72   0.629039   0.224689   0.331108
      0.73   0.621822   0.226637   0.332197
      0.74   0.620422   0.227533   0.332958
      0.75    0.61396   0.231049   0.335748
      0.76   0.610836   0.232373    0.33667
      0.77    0.60642   0.233826   0.337512
      0.78   0.603942   0.234643   0.337976
      0.79   0.600065   0.236491   0.339271
       0.8   0.598988   0.237611   0.340249
      0.81   0.592202   0.239983   0.341555
      0.82   0.588432   0.241677    0.34263
      0.83   0.585631    0.24267   0.343148
      0.84   0.582831   0.243952   0.343942
      0.85    0.58143   0.244608   0.344349
      0.86   0.576907   0.247124   0.346025
      0.87    0.57626   0.248149   0.346912
      0.88    0.57346    0.25039    0.34858
      0.89   0.572383   0.251743   0.349688
       0.9   0.570013   0.253724   0.351146
      0.91   0.565704   0.255683   0.352187
      0.92   0.564089   0.257132   0.353243
      0.93   0.562365   0.258639   0.354321
      0.94   0.560642   0.260324   0.355554
      0.95   0.557518   0.261755   0.356251
      0.96   0.556333   0.263307   0.357441
      0.97    0.55224   0.264415   0.357606
      0.98   0.549655   0.266627   0.359074
      0.99   0.545562   0.268129   0.359549
