         0          1   0.235879   0.381719
      0.01    0.99781   0.217539   0.357201
      0.02   0.997174    0.22784   0.370928
      0.03   0.996962   0.252902   0.403457
      0.04   0.995549   0.289304   0.448325
      0.05    0.99244   0.303215    0.46451
      0.06   0.991733    0.31369   0.476623
      0.07   0.990391   0.317863   0.481266
      0.08   0.989896    0.32252   0.486525
      0.09   0.989402   0.325439   0.489777
       0.1    0.98707   0.329987   0.494619
      0.11    0.98276   0.333947     0.4985
      0.12   0.981276   0.336041   0.500637
      0.13   0.977743   0.340795   0.505424
      0.14   0.975341   0.344069   0.508689
      0.15   0.970748   0.348652   0.513041
      0.16   0.964601   0.352052   0.515837
      0.17    0.95909   0.357955   0.521335
      0.18   0.957465   0.362001   0.525369
      0.19   0.951106    0.36806   0.530735
       0.2   0.947432   0.374083   0.536381
      0.21   0.941567   0.380683   0.542165
      0.22   0.933936   0.396991   0.557151
      0.23   0.927083   0.404267   0.563021
      0.24   0.920865   0.412861   0.570115
      0.25   0.916484   0.417286   0.573466
      0.26   0.908924   0.424258   0.578493
      0.27   0.898891   0.428738   0.580567
      0.28   0.886385   0.435461    0.58401
      0.29   0.880732   0.438331   0.585343
       0.3   0.867873   0.444471   0.587871
      0.31   0.862785   0.451487   0.592779
      0.32   0.855013   0.455759    0.59458
      0.33   0.843849   0.459072   0.594645
      0.34   0.839257   0.464106   0.597691
      0.35   0.827174    0.46906   0.598649
      0.36    0.82131   0.472344    0.59976
      0.37   0.806401   0.477216   0.599598
      0.38   0.798205   0.482497   0.601438
      0.39   0.787536   0.488688   0.603122
       0.4   0.784357   0.492504   0.605076
      0.41   0.777079   0.495616   0.605224
      0.42   0.767187   0.502802   0.607475
      0.43   0.759627    0.50681   0.607984
      0.44   0.747333   0.508986    0.60555
      0.45   0.740903   0.510233   0.604304
      0.46   0.730093   0.514359   0.603526
      0.47   0.723663   0.517437   0.603416
      0.48   0.708542   0.519209   0.599277
      0.49   0.704303   0.523414   0.600533
       0.5   0.693987    0.52823   0.599868
      0.51   0.685014   0.531789   0.598754
      0.52   0.678019    0.53325   0.596983
      0.53   0.666219   0.535494   0.593746
      0.54   0.664029   0.537134   0.593879
      0.55   0.653784    0.54322   0.593396
      0.56   0.650039   0.545755    0.59335
      0.57   0.645234   0.553035   0.595587
      0.58   0.641065   0.557576   0.596413
      0.59   0.634212   0.563754   0.596911
       0.6   0.629337   0.566207   0.596105
      0.61   0.622554    0.57055   0.595419
      0.62   0.620504   0.575433   0.597119
      0.63   0.619869   0.579622    0.59907
      0.64   0.614499   0.581747   0.597674
      0.65    0.61358   0.585862   0.599401
      0.66   0.606938    0.58906   0.597866
      0.67   0.604042   0.590957   0.597427
      0.68   0.601145   0.594218   0.597661
      0.69    0.60065   0.599057   0.599852
       0.7   0.597965   0.604453   0.601191
      0.71   0.592878   0.612315    0.60244
      0.72   0.588215   0.615029   0.601323
      0.73   0.579665   0.619235   0.598797
      0.74   0.579665   0.622898   0.600505
      0.75   0.569632    0.62377   0.595473
      0.76   0.568219   0.623544   0.594597
      0.77   0.563061   0.626917   0.593275
      0.78   0.558398    0.62473   0.589704
      0.79   0.555218   0.626872   0.588873
       0.8   0.553593   0.629032   0.588906
      0.81   0.546669   0.630734     0.5857
      0.82   0.543348   0.631825   0.584255
      0.83   0.538684    0.63357   0.582287
      0.84   0.534445   0.633749   0.579876
      0.85   0.530771   0.635168   0.578296
      0.86   0.528863   0.635102   0.577134
      0.87   0.526178   0.635088   0.575526
      0.88   0.517275   0.634359   0.569865
      0.89   0.514944   0.635655   0.568967
       0.9   0.511835    0.63222   0.565694
      0.91    0.50696    0.63101   0.562224
      0.92   0.500389   0.629183   0.557443
      0.93   0.493888   0.628284   0.553038
      0.94    0.49085   0.626993   0.550631
      0.95   0.479757   0.624635   0.542693
      0.96   0.478344   0.624113   0.541592
      0.97   0.470501   0.621312   0.535491
      0.98   0.467039   0.621046   0.533143
      0.99   0.463082   0.618842    0.52975
