         0          1   0.265439    0.41952
      0.01          1   0.237833   0.384274
      0.02          1   0.238035   0.384536
      0.03    0.99992   0.238727   0.385434
      0.04    0.99992   0.240703   0.388004
      0.05    0.99992   0.241937   0.389606
      0.06    0.99976   0.243831   0.392046
      0.07   0.999321    0.24507   0.393613
      0.08   0.997644   0.246812   0.395724
      0.09   0.996605   0.248175   0.397392
       0.1   0.994409   0.249986   0.399532
      0.11   0.992851   0.252001   0.401974
      0.12   0.990135   0.253594   0.403773
      0.13   0.983346   0.256218   0.406516
      0.14    0.98071   0.257803    0.40828
      0.15   0.977715   0.259898   0.410639
      0.16   0.975997   0.262007   0.413113
      0.17   0.975358   0.264665   0.416352
      0.18    0.97464   0.266326   0.418339
      0.19   0.969847   0.269046   0.421237
       0.2   0.968489   0.270628   0.423044
      0.21   0.966093   0.274088   0.427025
      0.22    0.96158   0.277534   0.430745
      0.23   0.957546   0.279536   0.432742
      0.24    0.95519   0.282562   0.436114
      0.25   0.950437   0.283966   0.437283
      0.26    0.94884   0.287062   0.440773
      0.27   0.947362   0.288892   0.442765
      0.28   0.943408   0.292225   0.446229
      0.29    0.94221   0.293869   0.448007
       0.3   0.938656   0.296633   0.450804
      0.31   0.932785   0.299214   0.453089
      0.32   0.931627   0.301175   0.455195
      0.33   0.928951   0.303971   0.458057
      0.34   0.923639   0.305476    0.45911
      0.35   0.921922   0.307948   0.461681
      0.36   0.920764    0.30985   0.463669
      0.37    0.91685   0.312356   0.465966
      0.38   0.912297   0.314203   0.467421
      0.39    0.90395   0.317465   0.469901
       0.4    0.89716   0.319428   0.471118
      0.41   0.894165   0.323034   0.474607
      0.42   0.885099     0.3255   0.475963
      0.43   0.880546   0.327657   0.477597
      0.44   0.874636   0.330919   0.480166
      0.45   0.870282    0.33372   0.482442
      0.46   0.867607    0.33749    0.48595
      0.47   0.863613   0.340059   0.487972
      0.48   0.858381   0.343216   0.490364
      0.49   0.854587   0.345726   0.492293
       0.5   0.851871   0.349229   0.495376
      0.51   0.849315   0.352646   0.498365
      0.52   0.845801   0.355642   0.500735
      0.53   0.842206    0.35906   0.503473
      0.54   0.841527   0.361119   0.505372
      0.55    0.83973   0.362352   0.506252
      0.56   0.837134   0.364136   0.507514
      0.57   0.834898   0.366868   0.509746
      0.58   0.834538    0.36948   0.512193
      0.59   0.830904   0.372534   0.514426
       0.6   0.829147   0.375108   0.516534
      0.61   0.825512   0.379286   0.519764
      0.62   0.822237   0.383183   0.522751
      0.63   0.818004   0.384693   0.523291
      0.64   0.813491   0.388726    0.52607
      0.65   0.811614   0.392036   0.528695
      0.66   0.809897   0.394623   0.530674
      0.67   0.809417   0.397333   0.533015
      0.68   0.806702   0.400287   0.535071
      0.69   0.805384    0.40275   0.536974
       0.7    0.80111     0.4067   0.539508
      0.71   0.796757   0.408105   0.539747
      0.72   0.793282   0.410188   0.540761
      0.73   0.791845      0.414   0.543725
      0.74   0.786892   0.414949   0.543366
      0.75   0.779903   0.418281   0.544521
      0.76    0.77551   0.419602   0.544561
      0.77   0.770877   0.421839   0.545286
      0.78   0.767922   0.423651   0.546053
      0.79   0.765845   0.425919   0.547404
       0.8   0.760214   0.427226   0.547031
      0.81   0.754303   0.429249   0.547139
      0.82   0.744958   0.430031    0.54529
      0.83    0.73733   0.430734   0.543794
      0.84   0.731139   0.433343   0.544163
      0.85   0.726027   0.434531   0.543672
      0.86   0.721514    0.43652   0.543949
      0.87   0.719438   0.437801   0.544348
      0.88   0.713527    0.43959    0.54402
      0.89    0.71157   0.441119   0.544617
       0.9    0.70526   0.440987   0.542659
      0.91   0.695914   0.442377    0.54091
      0.92   0.695435   0.443723    0.54177
      0.93   0.691122   0.446067    0.54219
      0.94   0.687328   0.446405   0.541268
      0.95   0.682256   0.449444   0.541903
      0.96   0.677343   0.449119   0.540112
      0.97   0.671113   0.449939   0.538708
      0.98   0.669236   0.450027   0.538165
      0.99   0.664963   0.451273   0.537664
