         0          1    0.32957   0.495755
      0.01          1    0.30074   0.462414
      0.02          1   0.304709   0.467091
      0.03          1   0.314375   0.478364
      0.04          1   0.332695   0.499281
      0.05   0.999872   0.341072   0.508639
      0.06   0.999787   0.348572   0.516922
      0.07   0.999787    0.35141   0.520036
      0.08   0.999234   0.354761   0.523619
      0.09   0.999234   0.356343   0.525341
       0.1   0.999234   0.359139   0.528373
      0.11   0.999234   0.361883   0.531337
      0.12   0.999234   0.363472   0.533047
      0.13   0.999106   0.365961   0.535701
      0.14   0.998596   0.368005   0.537814
      0.15   0.998213   0.371871   0.541875
      0.16    0.99817   0.374525    0.54468
      0.17   0.997915   0.379125   0.549489
      0.18   0.997234   0.382864   0.553301
      0.19   0.996298   0.388004   0.558502
       0.2   0.995362   0.391084   0.561537
      0.21   0.995107   0.396037   0.566583
      0.22   0.992852   0.401288   0.571563
      0.23   0.991575   0.404937    0.57504
      0.24   0.990852   0.409598   0.579601
      0.25   0.990597   0.413767   0.583718
      0.26   0.989873   0.418267   0.588054
      0.27   0.986767   0.421663   0.590847
      0.28   0.985874   0.426474   0.595391
      0.29   0.984555   0.430186   0.598755
       0.3   0.982725   0.434943   0.603003
      0.31   0.979363   0.439461   0.606688
      0.32   0.977066   0.443134   0.609733
      0.33   0.973449   0.448212   0.613805
      0.34   0.973407   0.452719    0.61801
      0.35   0.969407   0.459095     0.6231
      0.36   0.968173   0.462879   0.626318
      0.37   0.965875    0.46851   0.630964
      0.38    0.96579   0.472235   0.634315
      0.39   0.963918   0.478157   0.639224
       0.4   0.961535   0.481912    0.64204
      0.41    0.95962   0.487277    0.64635
      0.42   0.958216   0.492857   0.650916
      0.43   0.956429   0.496364   0.653551
      0.44   0.951876   0.500817    0.65632
      0.45   0.950047   0.504066   0.658664
      0.46   0.942601   0.507876   0.660092
      0.47   0.941409   0.511108   0.662522
      0.48   0.936729   0.516193     0.6656
      0.49   0.930985   0.520484   0.667686
       0.5   0.922858   0.524877   0.669165
      0.51   0.917879   0.529891   0.671897
      0.52    0.91456    0.53382   0.674147
      0.53   0.907582   0.539094   0.676409
      0.54   0.906519   0.542985   0.679165
      0.55   0.901625   0.548025     0.6817
      0.56   0.898987   0.551713   0.683785
      0.57   0.893541   0.556423   0.685792
      0.58    0.89035   0.559376   0.687082
      0.59   0.888563   0.566094   0.691586
       0.6   0.882478   0.568245   0.691329
      0.61   0.873458   0.571861   0.691192
      0.62    0.87116    0.57805   0.694964
      0.63   0.866522   0.579777   0.694724
      0.64   0.865331   0.584817   0.697943
      0.65   0.858055   0.589081   0.698571
      0.66   0.854523   0.593038   0.700163
      0.67   0.850226   0.595865   0.700675
      0.68   0.844524    0.60012   0.701648
      0.69   0.842269    0.60198   0.702135
       0.7   0.839673    0.60582    0.70383
      0.71   0.830142   0.610636   0.703668
      0.72   0.820526   0.613792   0.702261
      0.73   0.815803    0.61945   0.704195
      0.74   0.810442   0.621402   0.703443
      0.75   0.803421   0.624745   0.702906
      0.76   0.799804   0.627097   0.702999
      0.77   0.792486   0.631017   0.702593
      0.78   0.789975   0.634033   0.703466
      0.79    0.78138   0.637427   0.702101
       0.8   0.778572   0.639231   0.702054
      0.81   0.773892    0.64159   0.701558
      0.82   0.765297   0.644251   0.699576
      0.83   0.761382   0.645804   0.698846
      0.84   0.757127   0.648033   0.698345
      0.85   0.749213   0.650623   0.696446
      0.86   0.745086   0.653131   0.696085
      0.87   0.735852   0.655129   0.693149
      0.88   0.725981   0.658285   0.690478
      0.89   0.723853   0.659523   0.690192
       0.9   0.717556   0.660344   0.687762
      0.91   0.711003   0.661905   0.685576
      0.92   0.709131   0.662712   0.685136
      0.93   0.705259   0.665437    0.68477
      0.94   0.700451   0.667134   0.683387
      0.95   0.693728   0.669261   0.681275
      0.96   0.686622   0.669509   0.677958
      0.97   0.681516   0.672185   0.676819
      0.98   0.675304   0.674137    0.67472
      0.99   0.665901   0.675877   0.670852
