         0          1   0.256164   0.407851
      0.01   0.998491   0.230598   0.374668
      0.02   0.998491   0.234436   0.379718
      0.03   0.998491   0.237737   0.384037
      0.04   0.997795   0.241744   0.389195
      0.05   0.997272   0.244387   0.392572
      0.06   0.997214   0.248255   0.397543
      0.07   0.997214    0.25138   0.401539
      0.08   0.996866   0.257344   0.409082
      0.09   0.996866   0.262606   0.415703
       0.1   0.996866   0.271616   0.426912
      0.11   0.996866   0.282408    0.44013
      0.12   0.996866    0.28958   0.448791
      0.13   0.996692    0.30096   0.462319
      0.14    0.99646   0.308639   0.471299
      0.15   0.995647    0.32087   0.485331
      0.16   0.995531   0.328564   0.494067
      0.17   0.994893   0.340631   0.507503
      0.18    0.99437   0.347835   0.515386
      0.19   0.993906   0.360239   0.528811
       0.2     0.9935   0.367942   0.537005
      0.21   0.993326    0.37874   0.548388
      0.22   0.992745   0.391135   0.561172
      0.23   0.992745   0.397546    0.56774
      0.24   0.990656   0.406844   0.576805
      0.25   0.988044   0.412196   0.581711
      0.26   0.984736   0.422032   0.590844
      0.27   0.984736   0.427412   0.596096
      0.28   0.984736   0.435754   0.604162
      0.29   0.984388   0.441823   0.609903
       0.3   0.984272   0.449749    0.61739
      0.31   0.984156    0.45787   0.624976
      0.32   0.984156   0.461278   0.628142
      0.33   0.983459   0.467179   0.633447
      0.34   0.983401   0.470671   0.636637
      0.35   0.983169   0.474984   0.640522
      0.36   0.982008   0.479743   0.644585
      0.37   0.981312   0.484623   0.648823
      0.38   0.981312   0.487771   0.651639
      0.39   0.980847   0.492217   0.655491
       0.4   0.980789   0.496074   0.658888
      0.41   0.980441   0.500504   0.662705
      0.42   0.980209   0.505028   0.666605
      0.43   0.980093   0.508331   0.669448
      0.44   0.979396   0.513376   0.673644
      0.45   0.978816   0.515664   0.675473
      0.46   0.978642   0.518539   0.677892
      0.47   0.977945   0.520255    0.67919
      0.48   0.977191    0.52439    0.68252
      0.49   0.976843   0.525566    0.68343
       0.5    0.97632   0.528056   0.685403
      0.51   0.974115   0.529667   0.686212
      0.52    0.97336   0.530619   0.686823
      0.53   0.972606   0.533333   0.688903
      0.54   0.970981   0.534173   0.689195
      0.55   0.967441   0.535999   0.689814
      0.56   0.966222   0.537001   0.690333
      0.57   0.964132   0.537168   0.689937
      0.58   0.963552   0.537836   0.690339
      0.59   0.960534     0.5383   0.689943
       0.6   0.958793   0.537439   0.688787
      0.61   0.956239   0.537202   0.687933
      0.62   0.953337   0.538374   0.688139
      0.63   0.950435   0.537999   0.687076
      0.64   0.938828   0.537867   0.683912
      0.65   0.937086   0.538245   0.683754
      0.66   0.933488   0.539218   0.683576
      0.67   0.930412   0.539565   0.683028
      0.68   0.927394   0.540194   0.682716
      0.69   0.923738   0.540879   0.682268
       0.7   0.921648   0.541351   0.682072
      0.71   0.917934   0.540742    0.68057
      0.72   0.914393   0.540939    0.67975
      0.73   0.910389    0.54004   0.677933
      0.74   0.907835   0.539767   0.677009
      0.75   0.904991    0.53994   0.676352
      0.76   0.901335   0.540476   0.675747
      0.77   0.894428   0.541429   0.674537
      0.78   0.890424   0.540514   0.672687
      0.79   0.880441   0.540677   0.669943
       0.8   0.876959   0.541271   0.669387
      0.81   0.871561   0.540781   0.667436
      0.82   0.866802   0.541023   0.666219
      0.83   0.865757   0.540443   0.665471
      0.84   0.862739   0.539822   0.664107
      0.85   0.860302   0.540964   0.664246
      0.86   0.857516   0.541528   0.663837
      0.87   0.855659   0.541617   0.663347
      0.88   0.852989   0.542131   0.662927
      0.89   0.849216   0.542022   0.661704
       0.9   0.845908   0.542415   0.660989
      0.91   0.840801   0.542467   0.659463
      0.92   0.838595   0.542254   0.658626
      0.93   0.833024   0.543229   0.657615
      0.94   0.830586   0.544288   0.657628
      0.95   0.827974   0.545478   0.657674
      0.96   0.824318   0.545926   0.656842
      0.97   0.820778   0.547328   0.656725
      0.98    0.81892   0.547739   0.656425
      0.99   0.817586   0.548577   0.656596
