         0          1   0.382258   0.553092
      0.01   0.999606   0.374751   0.545132
      0.02   0.999606   0.383908   0.554756
      0.03   0.999606   0.398834   0.570173
      0.04   0.999034    0.42342   0.594762
      0.05   0.998568   0.436897   0.607847
      0.06   0.997566   0.452663   0.622745
      0.07   0.996993   0.459257   0.628843
      0.08   0.995777   0.466613   0.635456
      0.09   0.995454   0.469759   0.638301
       0.1   0.995061   0.473993   0.642117
      0.11   0.994917   0.478361   0.646083
      0.12   0.993987    0.48052   0.647851
      0.13   0.993629   0.483739   0.650694
      0.14   0.993557   0.485342   0.652127
      0.15   0.992591   0.487876   0.654201
      0.16   0.991768     0.4889   0.654941
      0.17   0.991124   0.490265   0.656024
      0.18   0.990336   0.490918   0.656436
      0.19   0.989441   0.492294   0.657467
       0.2   0.988368    0.49319   0.658027
      0.21   0.983965   0.495082   0.658726
      0.22   0.979026   0.497923   0.660117
      0.23   0.978059   0.498818   0.660682
      0.24   0.971187   0.500025    0.66016
      0.25   0.969827    0.50108   0.660764
      0.26   0.966964    0.50214   0.661017
      0.27   0.965353   0.503595   0.661898
      0.28   0.960092   0.505205   0.662041
      0.29   0.959161   0.506379   0.662826
       0.3   0.955653   0.507347   0.662813
      0.31   0.951287   0.507901    0.66223
      0.32   0.947672   0.508614   0.661956
      0.33   0.943484   0.509371   0.661571
      0.34   0.941444   0.510417   0.661949
      0.35   0.938938   0.512516   0.663088
      0.36   0.936361   0.513196   0.663012
      0.37   0.933677   0.515217   0.664019
      0.38   0.932138   0.516468   0.664666
      0.39   0.927879   0.517292   0.664259
       0.4     0.9248    0.51812    0.66415
      0.41   0.923261   0.519948    0.66525
      0.42   0.918537   0.521778   0.665511
      0.43   0.915423    0.52242   0.665212
      0.44   0.912703   0.523558   0.665413
      0.45    0.91077   0.523833    0.66512
      0.46   0.906904   0.525805   0.665669
      0.47   0.904793   0.526705   0.665818
      0.48   0.901392   0.528919   0.666657
      0.49    0.89656   0.529252   0.665595
       0.5   0.892015   0.528693   0.663897
      0.51   0.886932   0.529704   0.663278
      0.52   0.883317   0.530409   0.662815
      0.53   0.879165   0.532066    0.66293
      0.54   0.877698    0.53287   0.663135
      0.55   0.868284   0.533825   0.661164
      0.56   0.865493   0.534821   0.661114
      0.57   0.859157   0.534795   0.659238
      0.58   0.856688   0.535246   0.658851
      0.59    0.85497   0.536944   0.659626
       0.6   0.852858   0.537683   0.659553
      0.61   0.847346   0.539211    0.65904
      0.62   0.842621   0.540191   0.658335
      0.63   0.840188   0.540739   0.657996
      0.64   0.835212   0.541764    0.65722
      0.65   0.831562   0.543016   0.657004
      0.66   0.828233   0.544873   0.657315
      0.67   0.825047   0.545511   0.656772
      0.68    0.81975   0.546805    0.65602
      0.69   0.814131   0.547664   0.654827
       0.7   0.802248   0.548353   0.651436
      0.71   0.798311   0.550376   0.651554
      0.72   0.795268   0.551044   0.651004
      0.73    0.79126   0.552939   0.650973
      0.74   0.787931   0.553611   0.650308
      0.75   0.784459   0.555006    0.65008
      0.76   0.780916   0.556195   0.649672
      0.77   0.778231   0.556951   0.649255
      0.78   0.776263   0.558041   0.649307
      0.79   0.772075   0.559617   0.648898
       0.8   0.766455   0.559783   0.647016
      0.81    0.76148    0.56093   0.645998
      0.82   0.755467   0.562059   0.644567
      0.83   0.753069    0.56305   0.644342
      0.84   0.750492   0.564203   0.644149
      0.85   0.747665   0.565798    0.64414
      0.86    0.74405   0.567862   0.644125
      0.87   0.740864   0.568662   0.643441
      0.88   0.736819   0.571281   0.643576
      0.89   0.734923   0.572807   0.643816
       0.9   0.732202   0.573597   0.643267
      0.91   0.726977   0.574841   0.642019
      0.92   0.723648    0.57594     0.6414
      0.93   0.718852   0.577421   0.640421
      0.94   0.715595   0.578127   0.639557
      0.95   0.712087    0.58156   0.640239
      0.96   0.707577    0.58283   0.639174
      0.97   0.700598   0.584409   0.637251
      0.98   0.698379    0.58566   0.637072
      0.99   0.695265   0.587075   0.636606
