         0          1   0.173626   0.295879
      0.01          1   0.143708   0.251301
      0.02          1   0.158402   0.273484
      0.03   0.999612   0.189147   0.318102
      0.04   0.996702   0.253798   0.404575
      0.05   0.987194   0.298853   0.458811
      0.06   0.966434   0.370295   0.535435
      0.07   0.951397   0.409268   0.572333
      0.08   0.917831   0.453063   0.606662
      0.09   0.899787   0.463646   0.611959
       0.1   0.872623   0.468642   0.609794
      0.11   0.846915    0.46831   0.603119
      0.12    0.83993   0.467157   0.600387
      0.13   0.825087   0.462433   0.592686
      0.14    0.81752   0.460846   0.589425
      0.15   0.802484   0.459144   0.584095
      0.16   0.793849   0.456764   0.579878
      0.17   0.778133   0.455367   0.574521
      0.18   0.772022   0.455101   0.572637
      0.19   0.766977   0.454314   0.570623
       0.2   0.765328   0.453322   0.569384
      0.21   0.758343   0.451744   0.566202
      0.22   0.751455    0.44966   0.562643
      0.23   0.748933   0.448737   0.561213
      0.24   0.745343   0.446552   0.558496
      0.25   0.743306   0.446802   0.558119
      0.26   0.737971   0.445909   0.555914
      0.27   0.737776   0.447287   0.556929
      0.28   0.737485   0.448878   0.558077
      0.29   0.737097   0.448525   0.557693
       0.3   0.736127   0.448831   0.557652
      0.31   0.735642   0.447913   0.556804
      0.32   0.733314   0.447293   0.555657
      0.33   0.731665   0.446589   0.554641
      0.34   0.729919   0.446953   0.554418
      0.35   0.729821   0.447036   0.554454
      0.36   0.729821   0.446933   0.554374
      0.37   0.728657   0.447051   0.554129
      0.38   0.728657    0.44717   0.554221
      0.39   0.726135   0.446781   0.553191
       0.4   0.726135   0.446528   0.552997
      0.41   0.725941   0.446093   0.552607
      0.42   0.725941   0.445439   0.552105
      0.43   0.725359   0.444814   0.551456
      0.44    0.72468   0.444296   0.550862
      0.45   0.724583   0.444259   0.550806
      0.46   0.724195   0.443516   0.550123
      0.47   0.724195   0.442843   0.549604
      0.48   0.724195   0.442953   0.549689
      0.49   0.723031   0.442353   0.548892
       0.5   0.720896   0.441821   0.547867
      0.51   0.720896   0.441554   0.547662
      0.52   0.718859   0.441206   0.546806
      0.53    0.71818   0.440517    0.54608
      0.54   0.716919   0.440245   0.545506
      0.55   0.716628   0.439864   0.545129
      0.56    0.71624   0.439632   0.544839
      0.57   0.715464   0.438974   0.544109
      0.58   0.714688   0.437821   0.542999
      0.59   0.712844   0.436145   0.541177
       0.6   0.712844   0.436207   0.541225
      0.61   0.708867   0.435144   0.539259
      0.62   0.705471   0.435176   0.538298
      0.63   0.705471   0.434692   0.537928
      0.64    0.69936   0.432925   0.534795
      0.65    0.69936   0.432878   0.534759
      0.66   0.697905   0.432233   0.533842
      0.67   0.697905    0.43229   0.533885
      0.68   0.694606   0.431345   0.532199
      0.69   0.691502   0.430541   0.530675
       0.7   0.687912   0.429535   0.528852
      0.71   0.687136   0.428876   0.528124
      0.72   0.685293   0.428622   0.527386
      0.73   0.683353   0.427143   0.525692
      0.74   0.682674   0.426628   0.525101
      0.75   0.680927   0.425753   0.523922
      0.76   0.679763   0.425341   0.523265
      0.77   0.679375   0.424101   0.522211
      0.78   0.678502   0.423063   0.521166
      0.79   0.676368   0.422118   0.519819
       0.8   0.672681   0.421072   0.517936
      0.81   0.672487   0.420384   0.517358
      0.82   0.672487   0.420269   0.517271
      0.83   0.672487   0.419942   0.517023
      0.84   0.671032   0.418401   0.515425
      0.85   0.670547   0.417856   0.514868
      0.86    0.66851   0.417401   0.513922
      0.87    0.66851   0.416636   0.513342
      0.88   0.665406    0.41485   0.511071
      0.89   0.665406   0.415248   0.511373
       0.9   0.658033   0.413909   0.508172
      0.91   0.656868   0.412752   0.506953
      0.92   0.656868   0.411875   0.506291
      0.93   0.656286   0.410266   0.504902
      0.94   0.656286   0.409688   0.504464
      0.95   0.655122    0.40904   0.503628
      0.96   0.654928   0.408988   0.503532
      0.97   0.649399   0.408884    0.50181
      0.98   0.647943   0.407845   0.500593
      0.99   0.646488    0.40711   0.499606
