         0          1   0.331079    0.49746
      0.01   0.999627   0.303949   0.466157
      0.02   0.999627   0.303949   0.466157
      0.03   0.999627   0.303956   0.466165
      0.04   0.999627   0.303999   0.466216
      0.05   0.999627   0.304061   0.466289
      0.06   0.999627   0.304091   0.466324
      0.07   0.999627   0.304057   0.466284
      0.08   0.999627   0.304037   0.466261
      0.09   0.999627      0.304   0.466217
       0.1   0.999502   0.303759    0.46592
      0.11   0.999502   0.303381   0.465475
      0.12   0.999502   0.303286   0.465364
      0.13   0.999502   0.302773    0.46476
      0.14   0.999502   0.302607   0.464563
      0.15   0.999502   0.302265    0.46416
      0.16   0.999295   0.302231   0.464098
      0.17   0.999212   0.302025   0.463847
      0.18   0.999212   0.301634   0.463385
      0.19   0.999212   0.301339   0.463037
       0.2   0.999212   0.300939   0.462565
      0.21   0.999129   0.300206    0.46169
      0.22   0.999088   0.299554   0.460913
      0.23   0.999046   0.299092   0.460362
      0.24   0.998963   0.298688   0.459875
      0.25   0.998756   0.298281    0.45937
      0.26    0.99859    0.29776   0.458735
      0.27    0.99859   0.297502   0.458428
      0.28   0.998217   0.296907   0.457682
      0.29   0.997387   0.296682   0.457328
       0.3   0.996641   0.296427   0.456947
      0.31   0.995936    0.29558   0.455865
      0.32   0.994526   0.295182   0.455244
      0.33   0.994318   0.294727   0.454682
      0.34   0.993779   0.294301   0.454118
      0.35   0.993738   0.293797   0.453514
      0.36   0.993157   0.293469   0.453062
      0.37   0.992701   0.293097   0.452572
      0.38   0.991539   0.292345   0.451555
      0.39   0.991374   0.291989   0.451112
       0.4   0.990669   0.291656   0.450642
      0.41   0.990088   0.290863   0.449635
      0.42    0.98959    0.29038   0.449006
      0.43   0.989093   0.290036   0.448543
      0.44   0.986438   0.289456   0.447578
      0.45   0.985443   0.288856   0.446758
      0.46   0.984157   0.288501   0.446201
      0.47   0.982332    0.28793    0.44533
      0.48   0.981047    0.28736   0.444516
      0.49   0.979554   0.286982   0.443911
       0.5   0.978227   0.286701   0.443438
      0.51   0.975697     0.2865   0.442937
      0.52   0.974909   0.285972   0.442226
      0.53   0.970098   0.286241   0.442049
      0.54     0.9696   0.285879   0.441566
      0.55   0.967692   0.285448   0.440854
      0.56   0.965619   0.285246   0.440398
      0.57   0.964789   0.285135   0.440179
      0.58    0.96284   0.284875   0.439666
      0.59    0.96143   0.284417   0.438973
       0.6   0.960932   0.284587   0.439124
      0.61   0.958154   0.284194   0.438366
      0.62    0.95496   0.284443   0.438327
      0.63    0.95243   0.284461   0.438081
      0.64     0.9499   0.284677   0.438069
      0.65   0.947661   0.284809   0.437986
      0.66    0.94538    0.28501   0.437979
      0.67   0.943182   0.284901   0.437615
      0.68   0.940403   0.284506   0.436849
      0.69   0.937666   0.284606   0.436671
       0.7   0.935343   0.284698   0.436527
      0.71   0.932108   0.284915   0.436429
      0.72    0.92991   0.284876   0.436141
      0.73   0.927837   0.284536   0.435515
      0.74   0.925639    0.28478   0.435558
      0.75   0.923938   0.285138   0.435787
      0.76   0.921367   0.285149   0.435514
      0.77   0.917966   0.285525    0.43557
      0.78   0.916473    0.28572   0.435628
      0.79   0.913819   0.285884   0.435518
       0.8   0.909754   0.286099   0.435303
      0.81   0.906561   0.285966   0.434784
      0.82   0.904487    0.28631   0.434942
      0.83   0.902538   0.286751   0.435224
      0.84   0.900796   0.286841   0.435125
      0.85   0.899096   0.286695   0.434758
      0.86   0.895114   0.286714   0.434313
      0.87   0.894617   0.287172    0.43478
      0.88   0.890926   0.287094   0.434253
      0.89   0.887442   0.286805   0.433508
       0.9   0.883834   0.286741   0.433004
      0.91   0.881636   0.287345   0.433426
      0.92   0.879977   0.287859    0.43381
      0.93    0.87865   0.287716   0.433486
      0.94   0.874046   0.288394    0.43369
      0.95    0.87189   0.288813   0.433897
      0.96   0.869401   0.289242   0.434072
      0.97   0.864134   0.289323   0.433503
      0.98   0.862807   0.289456   0.433486
      0.99   0.857208   0.289848   0.433214
