         0          1   0.339259   0.506637
      0.01   0.998802   0.297728   0.458719
      0.02   0.996908   0.297696   0.458481
      0.03   0.996676   0.299244   0.460289
      0.04   0.996405   0.305881   0.468072
      0.05   0.996173   0.313471    0.47688
      0.06   0.995323   0.333785    0.49992
      0.07   0.995168   0.351735   0.519763
      0.08   0.994627   0.386093   0.556259
      0.09   0.993158   0.411627   0.582026
       0.1   0.991651   0.455745   0.624487
      0.11   0.991109   0.499929   0.664617
      0.12   0.990182   0.529669   0.690158
      0.13   0.989061   0.572717   0.725394
      0.14   0.988056    0.59897   0.745818
      0.15   0.986625   0.633719   0.771741
      0.16   0.986046   0.654399   0.786698
      0.17    0.98562   0.679312   0.804289
      0.18   0.985543    0.69229   0.813289
      0.19    0.98477   0.707382    0.82334
       0.2   0.984538   0.715494   0.828727
      0.21   0.983185   0.725837   0.835135
      0.22   0.982026   0.734706   0.840551
      0.23   0.981755     0.7382   0.842733
      0.24   0.978663   0.743162   0.844807
      0.25   0.978083   0.746242   0.846576
      0.26    0.97673   0.749126    0.84792
      0.27   0.976227   0.750513   0.848618
      0.28   0.973985   0.752091   0.848776
      0.29   0.973444   0.753178   0.849261
       0.3   0.970236   0.753971   0.848541
      0.31   0.965443   0.754041   0.846747
      0.32   0.962775    0.75409    0.84575
      0.33   0.958755   0.753292   0.843695
      0.34   0.956436   0.753433   0.842884
      0.35   0.952996   0.752651   0.841057
      0.36   0.951643   0.751873   0.840045
      0.37   0.948203   0.751386   0.838398
      0.38   0.945574   0.751293   0.837312
      0.39   0.941747   0.749748   0.834851
       0.4   0.938964    0.74966   0.833701
      0.41   0.934983   0.748672   0.831519
      0.42   0.930885   0.746353   0.828468
      0.43   0.924855   0.744866    0.82516
      0.44   0.919869     0.7442   0.822762
      0.45   0.915887    0.74273    0.82027
      0.46   0.910475    0.74055   0.816768
      0.47   0.905644   0.739512    0.81419
      0.48   0.901314   0.738071   0.811565
      0.49   0.898763   0.737041   0.809908
       0.5   0.891071   0.735044   0.805572
      0.51   0.884731   0.732232   0.801291
      0.52   0.878933   0.731259   0.798325
      0.53   0.874295   0.728619   0.794837
      0.54   0.870506   0.727888   0.792835
      0.55   0.866216   0.725251    0.78949
      0.56   0.860224   0.724278   0.786419
      0.57    0.85547   0.723204   0.783796
      0.58   0.853189   0.722784   0.782591
      0.59   0.846077   0.721477   0.778825
       0.6   0.842288   0.721227   0.777071
      0.61   0.835717   0.720142   0.773637
      0.62   0.828527   0.717724   0.769156
      0.63   0.827097   0.716559    0.76787
      0.64   0.820178   0.713898   0.763356
      0.65   0.816892   0.712651    0.76122
      0.66   0.811519   0.710587   0.757706
      0.67   0.805528    0.70872   0.754029
      0.68   0.799382   0.706734   0.750208
      0.69   0.794704   0.705303   0.747339
       0.7   0.789718   0.703467   0.744102
      0.71   0.786084   0.701155   0.741195
      0.72   0.778199   0.699664   0.736845
      0.73   0.770468   0.697333   0.732078
      0.74   0.767105   0.696264    0.72997
      0.75   0.764863   0.694135   0.727784
      0.76    0.76208   0.692123   0.725419
      0.77   0.750676   0.688835   0.718427
      0.78   0.744994   0.687027   0.714837
      0.79   0.738771   0.682115   0.709314
       0.8   0.735485   0.680558   0.706956
      0.81   0.731272   0.678438   0.703865
      0.82   0.724082   0.674303   0.698306
      0.83   0.722845   0.672171   0.696588
      0.84   0.717511   0.667485   0.691594
      0.85   0.713065   0.665704   0.688571
      0.86   0.706803   0.661629    0.68347
      0.87   0.702551   0.660102   0.680665
      0.88   0.692308   0.656237    0.67379
      0.89   0.691187   0.653115   0.671612
       0.9   0.686471   0.649689   0.667573
      0.91   0.680479   0.644868   0.662195
      0.92   0.678121   0.641955   0.659543
      0.93   0.672748   0.637321   0.654556
      0.94   0.662312   0.632857   0.647249
      0.95   0.655238   0.628599   0.641642
      0.96   0.649826    0.62624   0.637815
      0.97   0.640046   0.625095   0.632482
      0.98   0.633591   0.623517   0.628514
      0.99      0.623   0.620699   0.621847
