         0          1   0.393948   0.565226
      0.01          1   0.389619   0.560756
      0.02          1    0.38965   0.560789
      0.03          1   0.389813   0.560957
      0.04          1   0.390104   0.561259
      0.05          1    0.39022   0.561379
      0.06          1   0.390306   0.561468
      0.07          1    0.39055    0.56172
      0.08   0.999788   0.391066    0.56222
      0.09   0.999788   0.391522   0.562691
       0.1   0.999788   0.392361   0.563557
      0.11   0.999788   0.393373   0.564601
      0.12   0.999788   0.393823   0.565064
      0.13   0.999788   0.395234   0.566515
      0.14   0.999788   0.396081   0.567384
      0.15   0.999788   0.397274   0.568607
      0.16   0.999788   0.398207   0.569562
      0.17   0.999788    0.39967   0.571057
      0.18   0.999717   0.400724   0.572121
      0.19   0.999611    0.40267   0.574084
       0.2   0.999434   0.403483   0.574881
      0.21   0.999328   0.404854   0.576253
      0.22   0.999045   0.407085   0.578461
      0.23   0.998514   0.408355   0.579654
      0.24   0.998161   0.410693   0.581945
      0.25   0.997206   0.412001   0.583093
      0.26   0.995685   0.413223   0.584055
      0.27   0.993067   0.414837   0.585212
      0.28    0.99137   0.416798   0.586863
      0.29   0.990132   0.418303   0.588135
       0.3    0.98755   0.420568   0.589911
      0.31   0.985533   0.423093   0.592027
      0.32   0.984012    0.42437      0.593
      0.33   0.979945   0.427296   0.595103
      0.34   0.975665   0.428427   0.595404
      0.35   0.970465     0.4308   0.596713
      0.36   0.964877   0.432449   0.597227
      0.37   0.959324    0.43465   0.598247
      0.38   0.955398   0.437545    0.60021
      0.39   0.949102   0.439727   0.601003
       0.4    0.94659    0.44216   0.602764
      0.41   0.940294   0.445734    0.60478
      0.42   0.933892   0.447641   0.605195
      0.43   0.928516   0.450344   0.606518
      0.44   0.918011   0.452012   0.605759
      0.45   0.911715   0.453099   0.605353
      0.46   0.901351   0.456166   0.605761
      0.47   0.895338   0.459964   0.607721
      0.48   0.885965   0.462298   0.607566
      0.49   0.878962   0.464019   0.607387
       0.5   0.868881   0.466852   0.607365
      0.51   0.853424   0.467441   0.604036
      0.52    0.84306   0.469762   0.603338
      0.53   0.831706   0.473169   0.603181
      0.54   0.820918   0.473876   0.600888
      0.55   0.808256   0.477186   0.600086
      0.56    0.80203   0.479386   0.600089
      0.57   0.790216   0.480068    0.59728
      0.58   0.784522    0.48068   0.596116
      0.59   0.770055   0.483799   0.594251
       0.6   0.760505   0.484874   0.592188
      0.61    0.75145   0.486635   0.590722
      0.62   0.737479   0.489362   0.588331
      0.63   0.732385   0.490611     0.5876
      0.64   0.719652   0.492357   0.584692
      0.65   0.711587   0.494151   0.583263
      0.66   0.697262    0.49635   0.579897
      0.67   0.686085   0.498396    0.57737
      0.68   0.673316    0.49942   0.573475
      0.69   0.664014   0.502618   0.572152
       0.7   0.654464   0.502885   0.568748
      0.71   0.644206   0.505636   0.566572
      0.72   0.634479   0.506129   0.563083
      0.73   0.627158   0.505066   0.559529
      0.74    0.61591   0.504144   0.554451
      0.75   0.596562    0.50113   0.544697
      0.76    0.58825   0.500775   0.540999
      0.77   0.574986    0.50172    0.53586
      0.78   0.561793   0.502398   0.530438
      0.79   0.551429   0.502389   0.525768
       0.8   0.541065   0.501449   0.520505
      0.81   0.524795   0.504555   0.514476
      0.82   0.512981   0.503651   0.508273
      0.83   0.507145   0.505237   0.506189
      0.84    0.49954   0.506102     0.5028
      0.85    0.49137   0.506518   0.498829
      0.86   0.477964   0.506823    0.49197
      0.87   0.473437   0.509272   0.490701
      0.88   0.462649   0.510986   0.485617
      0.89   0.456282   0.510449   0.481848
       0.9   0.443018   0.506726   0.472735
      0.91   0.435661   0.506831   0.468559
      0.92   0.427808   0.505303   0.463338
      0.93   0.411821   0.502659   0.452728
      0.94   0.403969        0.5   0.446883
      0.95   0.391801   0.500951   0.439704
      0.96   0.389856   0.504307   0.439757
      0.97   0.381437   0.505686   0.434861
      0.98   0.373338   0.502283   0.428316
      0.99   0.363505   0.501937   0.421649
