         0          1   0.310743   0.474148
      0.01    0.99984    0.27506   0.431431
      0.02    0.99984   0.284049   0.442411
      0.03    0.99984    0.30137   0.463141
      0.04   0.999759   0.316564   0.480867
      0.05   0.999639   0.319957   0.484756
      0.06   0.999318    0.32083    0.48572
      0.07   0.999037   0.320506   0.485316
      0.08   0.998075   0.319773   0.484361
      0.09   0.995708   0.319124   0.483338
       0.1   0.993342   0.318753   0.482634
      0.11   0.989893   0.318533   0.481974
      0.12   0.987045   0.318118   0.481161
      0.13    0.98492   0.318086   0.480871
      0.14   0.982754   0.318379   0.480947
      0.15   0.980147   0.319177   0.481543
      0.16   0.978984   0.319641   0.481931
      0.17   0.977981    0.32117   0.483543
      0.18   0.976417    0.32232   0.484654
      0.19   0.974211   0.323836   0.486092
       0.2   0.972927   0.325215   0.487482
      0.21   0.971524   0.327399   0.489754
      0.22   0.970441   0.330342   0.492899
      0.23   0.969759   0.331621   0.494233
      0.24   0.967593   0.334561   0.497205
      0.25   0.967232   0.336579   0.499382
      0.26   0.965387   0.339862   0.502737
      0.27   0.964144   0.341512   0.504369
      0.28   0.962419   0.344715   0.507615
      0.29   0.961176   0.347565   0.510523
       0.3   0.959451   0.350675   0.513623
      0.31   0.958007   0.354902   0.517931
      0.32   0.957326   0.357995   0.521117
      0.33   0.955641   0.363322   0.526482
      0.34   0.954638   0.366737   0.529904
      0.35   0.954478   0.372936    0.53632
      0.36   0.954277   0.376543   0.540007
      0.37   0.953957    0.38364   0.547214
      0.38   0.953074    0.38691   0.550386
      0.39   0.953034   0.392868    0.55638
       0.4   0.952914   0.397617   0.561105
      0.41   0.952473    0.40508   0.568416
      0.42   0.952312   0.412034   0.575199
      0.43   0.951911    0.41682   0.579771
      0.44   0.951871   0.423558    0.58625
      0.45    0.95159   0.428219   0.590646
      0.46   0.949023   0.435228   0.596772
      0.47   0.948261   0.440416   0.601478
      0.48   0.947379   0.447199   0.607591
      0.49   0.947339   0.452188   0.612172
       0.5   0.947098   0.460192   0.619413
      0.51   0.946697   0.466713   0.625206
      0.52   0.946296   0.472477   0.630268
      0.53   0.945414   0.480003   0.636728
      0.54    0.94421   0.485287   0.641083
      0.55   0.941243   0.492872   0.646966
      0.56    0.94048   0.497228   0.650526
      0.57   0.937312    0.50355    0.65514
      0.58   0.936951   0.508626   0.659332
      0.59   0.935106   0.515274   0.664427
       0.6   0.934103   0.520161    0.66822
      0.61    0.93282   0.527355   0.673792
      0.62   0.931897   0.533525   0.678563
      0.63   0.930414   0.537953   0.681736
      0.64   0.928689   0.543998   0.686099
      0.65   0.927606   0.547457   0.688546
      0.66   0.924999   0.553243   0.692376
      0.67   0.924277   0.558072    0.69594
      0.68   0.921068   0.562792   0.698677
      0.69   0.919865   0.565973   0.700774
       0.7   0.918782   0.570243   0.703721
      0.71   0.916977   0.574053    0.70608
      0.72   0.915052   0.576285   0.707192
      0.73   0.913167   0.580634   0.709888
      0.74   0.912526   0.582535   0.711112
      0.75   0.909999   0.587623   0.714114
      0.76   0.906148   0.589976   0.714655
      0.77   0.903622   0.592003   0.715349
      0.78   0.902739   0.595321   0.717488
      0.79   0.899651   0.597888   0.718366
       0.8   0.898247   0.600268   0.719631
      0.81   0.893033   0.603373   0.720168
      0.82   0.889745   0.605529   0.720626
      0.83   0.888742   0.607234   0.721502
      0.84    0.88437   0.610001   0.721999
      0.85   0.882846   0.611152   0.722294
      0.86   0.879236   0.611916   0.721614
      0.87   0.877472   0.612962   0.721746
      0.88   0.874905   0.614317   0.721812
      0.89   0.872097   0.615786   0.721865
       0.9   0.868327    0.61815   0.722186
      0.91   0.860185   0.620337   0.720833
      0.92   0.854169   0.621111   0.719231
      0.93   0.846388   0.621585   0.716773
      0.94    0.84326    0.62144   0.715553
      0.95   0.838648   0.622625   0.714669
      0.96   0.836281   0.622621   0.713806
      0.97   0.830586    0.62301   0.711977
      0.98   0.826134   0.621949   0.709646
      0.99   0.818353   0.621819   0.706676
