         0          1   0.172013   0.293534
      0.01   0.999785   0.147251   0.256696
      0.02   0.999785   0.147291   0.256756
      0.03   0.999785   0.147523   0.257108
      0.04   0.999785   0.148272   0.258246
      0.05   0.999785   0.149236   0.259707
      0.06   0.999785   0.151572   0.263236
      0.07   0.999785   0.153659   0.266378
      0.08   0.999713   0.156969   0.271335
      0.09   0.999713   0.159515    0.27513
       0.1   0.999713   0.164212   0.282088
      0.11   0.999498   0.169975   0.290541
      0.12   0.999498    0.17387   0.296212
      0.13   0.998996   0.180824   0.306221
      0.14   0.998566   0.185756   0.313242
      0.15   0.997777   0.192231   0.322357
      0.16   0.997347   0.197312   0.329447
      0.17   0.994621   0.205524   0.340656
      0.18    0.99333   0.210239    0.34703
      0.19   0.990677   0.218411   0.357914
       0.2   0.984796   0.223692   0.364572
      0.21   0.980924   0.231329   0.374371
      0.22   0.971672    0.23879   0.383366
      0.23   0.968876   0.243769   0.389531
      0.24   0.962636   0.251735   0.399103
      0.25   0.958118   0.257141   0.405463
      0.26   0.956038   0.265428     0.4155
      0.27   0.953313   0.270389   0.421288
      0.28   0.949082    0.27865   0.430814
      0.29   0.944564   0.283327   0.435903
       0.3   0.940763   0.291016   0.444523
      0.31   0.936532   0.299638   0.454016
      0.32   0.932516   0.305531   0.460261
      0.33   0.921902   0.311786   0.465978
      0.34   0.917025   0.316536   0.470624
      0.35   0.905694   0.322778   0.475938
      0.36   0.903184   0.328056   0.481296
      0.37   0.895941   0.336497   0.489244
      0.38    0.89006   0.342322   0.494469
      0.39   0.886116   0.348785   0.500548
       0.4   0.883176   0.352876    0.50427
      0.41   0.879805    0.36093   0.511871
      0.42   0.868976   0.366944   0.515997
      0.43   0.859868   0.370656   0.518015
      0.44   0.851119   0.375728   0.521318
      0.45   0.847676   0.379678   0.524452
      0.46   0.842011   0.385768    0.52912
      0.47   0.837349   0.389781   0.531945
      0.48   0.828385   0.394117   0.534119
      0.49   0.826736   0.398659   0.537925
       0.5    0.82315   0.402996   0.541088
      0.51   0.807516   0.406607    0.54087
      0.52   0.800344   0.409614    0.54189
      0.53    0.79475    0.41291   0.543464
      0.54   0.792527   0.414932   0.544689
      0.55   0.787077   0.417799   0.545849
      0.56   0.785069   0.420045   0.547275
      0.57   0.777754   0.423753   0.548604
      0.58   0.765562   0.425325    0.54684
      0.59    0.76212   0.429711    0.54956
       0.6   0.759825   0.431724   0.550602
      0.61   0.745052   0.434193    0.54865
      0.62   0.738382   0.437041   0.549085
      0.63   0.733219   0.439363    0.54947
      0.64   0.724828   0.439506   0.547208
      0.65    0.71823   0.441004   0.546468
      0.66   0.708979   0.445376    0.54708
      0.67   0.707329   0.446577   0.547491
      0.68   0.700731   0.448291   0.546781
      0.69   0.697146   0.449337    0.54646
       0.7    0.68811   0.450264    0.54434
      0.71   0.681799   0.454139   0.545156
      0.72   0.676994   0.454893   0.544153
      0.73   0.666236   0.457247   0.542304
      0.74   0.660714   0.458745    0.54151
      0.75   0.655981   0.458755   0.539921
      0.76   0.652037    0.45939   0.539018
      0.77   0.646658   0.461157   0.538377
      0.78   0.644005   0.461457   0.537659
      0.79   0.636618   0.461663   0.535205
       0.8   0.635542   0.462735   0.535544
      0.81    0.63461    0.46511   0.536797
      0.82   0.630666   0.467007   0.536636
      0.83   0.621127   0.465749   0.532332
      0.84   0.617542   0.466297   0.531367
      0.85   0.610298   0.466214   0.528614
      0.86   0.606426   0.466786   0.527522
      0.87   0.605135   0.466767    0.52702
      0.88    0.59782   0.464901   0.523048
      0.89   0.587851   0.465152   0.519353
       0.9   0.576951   0.465079    0.51501
      0.91   0.572289   0.463731   0.512322
      0.92   0.570496   0.463303   0.511342
      0.93   0.562106   0.460561   0.506292
      0.94   0.557803   0.459696    0.50402
      0.95   0.555077   0.460252   0.503237
      0.96   0.551277   0.460531   0.501834
      0.97    0.54346   0.459516   0.497975
      0.98   0.538583   0.458982   0.495606
      0.99   0.534782   0.458514    0.49372
