         0          1   0.171113   0.292223
      0.01          1    0.15272   0.264973
      0.02          1   0.152726   0.264983
      0.03          1   0.152766   0.265043
      0.04          1    0.15292   0.265275
      0.05          1   0.152923   0.265278
      0.06   0.999809   0.152872   0.265196
      0.07   0.999809   0.152915   0.265261
      0.08   0.999714   0.152757   0.265019
      0.09   0.999524   0.152612   0.264795
       0.1   0.999524   0.152204    0.26418
      0.11   0.999524   0.151476   0.263083
      0.12   0.999238   0.151143    0.26257
      0.13   0.998857   0.150589    0.26172
      0.14   0.998762   0.150352    0.26136
      0.15   0.998095    0.14945   0.259973
      0.16   0.997333   0.149107   0.259427
      0.17   0.994951   0.148801   0.258884
      0.18   0.994285    0.14886   0.258951
      0.19   0.989903   0.148666   0.258508
       0.2   0.988569   0.148419    0.25809
      0.21   0.988283   0.148561   0.258295
      0.22   0.986283   0.148396   0.257977
      0.23   0.986283     0.1482   0.257681
      0.24   0.986283   0.147915    0.25725
      0.25   0.986188   0.147875   0.257186
      0.26   0.986093   0.148462    0.25807
      0.27   0.983425   0.148253   0.257663
      0.28   0.983425   0.148666   0.258287
      0.29   0.983235   0.148547   0.258101
       0.3   0.982473   0.149037   0.258813
      0.31   0.982187   0.149679   0.259771
      0.32   0.982092   0.149565   0.259595
      0.33   0.981044   0.149541   0.259523
      0.34   0.980853   0.150068   0.260309
      0.35   0.980187   0.150628   0.261127
      0.36   0.978758   0.151208   0.261947
      0.37   0.978282   0.152536   0.263922
      0.38   0.978091   0.153203   0.264911
      0.39    0.97771   0.154016   0.266112
       0.4   0.977424   0.154292   0.266514
      0.41   0.976376   0.155246   0.267896
      0.42   0.974376   0.155661   0.268438
      0.43   0.973614   0.156194     0.2692
      0.44   0.972661   0.157507   0.271111
      0.45   0.971137   0.158478   0.272489
      0.46   0.969518   0.158937   0.273103
      0.47    0.96828   0.159754   0.274259
      0.48   0.966565   0.160805   0.275737
      0.49   0.965136    0.16168   0.276964
       0.5   0.963041   0.162295   0.277778
      0.51   0.962088   0.163296   0.279203
      0.52   0.961421     0.1642   0.280494
      0.53    0.95923   0.166143    0.28323
      0.54   0.956944   0.166983   0.284348
      0.55   0.954563   0.168209   0.286017
      0.56     0.9518    0.16899    0.28702
      0.57   0.949228   0.169712   0.287943
      0.58   0.943799   0.170619   0.288994
      0.59   0.940274   0.172111   0.290963
       0.6   0.934654    0.17346   0.292614
      0.61   0.928177   0.175216   0.294784
      0.62   0.917984   0.174346   0.293038
      0.63   0.915603   0.174984   0.293816
      0.64   0.905887    0.17553   0.294078
      0.65   0.904553   0.177924   0.297359
      0.66   0.894266   0.178852   0.298087
      0.67   0.887598   0.179409   0.298486
      0.68   0.881692   0.180824   0.300101
      0.69   0.876643   0.181152   0.300258
       0.7   0.865403   0.182445   0.301358
      0.71   0.856163   0.184546   0.303642
      0.72   0.853782   0.186001   0.305456
      0.73   0.845399   0.187331     0.3067
      0.74    0.84216   0.189475    0.30935
      0.75   0.830158   0.191371    0.31104
      0.76   0.820156   0.192904   0.312343
      0.77   0.808344   0.195365   0.314677
      0.78   0.801867   0.196648    0.31584
      0.79   0.792532   0.198961   0.318072
       0.8    0.78815   0.200286   0.319404
      0.81    0.77891   0.202844   0.321867
      0.82   0.766241   0.205479   0.324058
      0.83   0.751191   0.207698    0.32542
      0.84   0.741856   0.209505   0.326737
      0.85   0.737283   0.211396   0.328581
      0.86     0.7249   0.212833   0.329054
      0.87   0.716613   0.213525   0.329015
      0.88   0.707468   0.214094   0.328713
      0.89   0.698609    0.21409   0.327743
       0.9   0.688512   0.216344   0.329235
      0.91   0.679272   0.217863   0.329913
      0.92    0.67289   0.219443   0.330955
      0.93    0.66746   0.221227   0.332311
      0.94   0.660412   0.221523   0.331762
      0.95   0.651934   0.222548   0.331823
      0.96   0.647838   0.224195   0.333111
      0.97   0.641932   0.225391   0.333637
      0.98    0.63555   0.225653   0.333054
      0.99   0.628024   0.227204   0.333688
