         0          1   0.391539   0.562742
      0.01    0.99965    0.37745   0.547989
      0.02   0.999509   0.379221   0.549832
      0.03   0.998493   0.383614   0.554278
      0.04   0.997021   0.391039   0.561754
      0.05   0.996706   0.395905   0.566707
      0.06   0.996566   0.401993   0.572893
      0.07   0.996531   0.405036   0.575971
      0.08   0.994603   0.409446   0.580088
      0.09   0.994008   0.412386    0.58293
       0.1   0.993131   0.416376   0.586752
      0.11   0.990363   0.419973   0.589825
      0.12   0.988996   0.423332   0.592884
      0.13   0.987069   0.427953   0.597049
      0.14   0.984756   0.430902   0.599485
      0.15   0.982268   0.434719   0.602702
      0.16   0.975505   0.437295   0.603883
      0.17   0.969022   0.441798   0.606898
      0.18   0.962363   0.443697   0.607367
      0.19   0.954724   0.446949   0.608863
       0.2   0.948942   0.448523   0.609135
      0.21   0.938989   0.452423   0.610632
      0.22   0.933593   0.455113   0.611923
      0.23   0.927075    0.45813   0.613224
      0.24   0.920697   0.461337   0.614676
      0.25   0.916281   0.462808   0.614989
      0.26   0.909518   0.465432   0.615759
      0.27   0.905698   0.467409   0.616604
      0.28   0.899145   0.471323   0.618457
      0.29   0.890034   0.474269   0.618801
       0.3   0.883586   0.476797   0.619372
      0.31   0.875526   0.478594   0.618884
      0.32   0.868832   0.479587   0.618028
      0.33    0.86326   0.483361   0.619723
      0.34   0.853974   0.484271   0.618056
      0.35    0.84241   0.486723   0.616974
      0.36   0.836978   0.488643   0.617044
      0.37   0.829444   0.489954   0.616022
      0.38   0.821979     0.4906   0.614459
      0.39   0.805404   0.491972   0.610827
       0.4   0.798605   0.493903   0.610338
      0.41   0.784378    0.49614   0.607819
      0.42   0.775266   0.497926    0.60639
      0.43   0.766856   0.498162   0.603973
      0.44   0.756553   0.499831   0.601963
      0.45   0.749965   0.500562   0.600393
      0.46   0.737349    0.50049   0.596258
      0.47   0.727082   0.501686   0.593711
      0.48   0.716253   0.504378   0.591927
      0.49    0.71005   0.505049   0.590256
       0.5   0.699047   0.505645   0.586821
      0.51    0.68948   0.506576   0.584043
      0.52    0.68149   0.508118   0.582171
      0.53   0.671993   0.508142   0.578693
      0.54   0.664564   0.508805   0.576346
      0.55   0.654682   0.510883   0.573912
      0.56   0.650477   0.512192   0.573111
      0.57   0.638457   0.513475   0.569186
      0.58   0.632499   0.515578   0.568085
      0.59   0.624439   0.516401   0.565304
       0.6   0.617185   0.519131   0.563928
      0.61   0.609861   0.521914   0.562471
      0.62   0.598752   0.522974   0.558304
      0.63   0.592655   0.524082   0.556263
      0.64   0.582562   0.526759   0.553257
      0.65   0.577832   0.529294   0.552499
      0.66   0.570542   0.533038   0.551153
      0.67   0.567073   0.535226    0.55069
      0.68   0.558943   0.537415   0.547968
      0.69   0.554948   0.540898   0.547833
       0.7     0.5485   0.544672   0.546579
      0.71   0.540861   0.548021   0.544417
      0.72   0.535639   0.549728   0.542592
      0.73   0.528455    0.55464   0.541231
      0.74   0.525371   0.559492   0.541895
      0.75   0.517101   0.561833    0.53854
      0.76   0.514543    0.56352   0.537919
      0.77   0.507079   0.564681   0.534332
      0.78   0.502803   0.564953   0.532069
      0.79   0.496566   0.566842   0.529382
       0.8   0.491274   0.569662   0.527572
      0.81   0.487174   0.573331   0.526753
      0.82   0.476906   0.576698   0.522076
      0.83   0.472386   0.580659   0.520956
      0.84   0.465798   0.583656   0.518109
      0.85   0.460471   0.586271   0.515811
      0.86   0.455355   0.589529   0.513827
      0.87   0.449432    0.59308    0.51136
      0.88   0.443124   0.595654   0.508191
      0.89   0.439585   0.597053   0.506359
       0.9   0.433417    0.60073   0.503539
      0.91   0.426584    0.60289    0.49964
      0.92   0.422904   0.603101   0.497179
      0.93   0.417998   0.607422   0.495214
      0.94   0.414319   0.609486     0.4933
      0.95   0.409132   0.612179   0.490472
      0.96   0.404857   0.613199    0.48771
      0.97   0.401072   0.616576   0.486006
      0.98   0.398234   0.620155   0.485015
      0.99   0.396131   0.622258   0.484089
