         0          1   0.216663    0.35616
      0.01   0.999955   0.155068   0.268498
      0.02   0.999955   0.205408   0.340808
      0.03   0.999955   0.288795   0.448158
      0.04   0.999955   0.390954   0.562131
      0.05   0.999955   0.435386   0.606639
      0.06   0.999955   0.495388   0.662545
      0.07   0.999955    0.53009   0.692876
      0.08   0.999366   0.559372   0.717269
      0.09   0.999049   0.569475   0.725438
       0.1   0.998913    0.57423   0.729248
      0.11   0.998913   0.575857   0.730559
      0.12   0.998913    0.57691   0.731406
      0.13   0.998913   0.578484   0.732669
      0.14   0.998913   0.579671   0.733621
      0.15   0.998913   0.582323   0.735741
      0.16   0.998913   0.583383   0.736586
      0.17   0.998913   0.585118   0.737968
      0.18   0.998822   0.585701   0.738406
      0.19   0.998822   0.588744    0.74082
       0.2   0.998687   0.589467   0.741355
      0.21   0.998551   0.591466   0.742896
      0.22   0.998053    0.59449   0.745138
      0.23   0.998007    0.59564   0.746028
      0.24   0.997871   0.597527   0.747468
      0.25    0.99769    0.59869   0.748327
      0.26   0.996649   0.599402   0.748589
      0.27   0.996286    0.60173     0.7503
      0.28   0.995788   0.604796   0.752536
      0.29   0.995743   0.607109   0.754311
       0.3   0.995154   0.608825   0.755464
      0.31   0.995063   0.610771   0.756935
      0.32   0.995063   0.613363   0.758922
      0.33   0.994746   0.615704   0.760619
      0.34   0.994656   0.615877   0.760725
      0.35   0.994656    0.62048   0.764226
      0.36   0.993976   0.622561     0.7656
      0.37    0.99375    0.62527   0.767578
      0.38   0.993569   0.627153   0.768941
      0.39   0.993025    0.62964   0.770644
       0.4   0.992391   0.631641   0.771949
      0.41   0.992301   0.634904   0.774353
      0.42   0.990897   0.638308   0.776449
      0.43   0.990897   0.639707   0.777483
      0.44   0.989402   0.643243   0.779626
      0.45   0.988406   0.644966   0.780579
      0.46   0.987092   0.648224   0.782548
      0.47   0.987047   0.650253   0.784011
      0.48   0.987002   0.653963   0.786687
      0.49   0.986141   0.655746   0.787701
       0.5   0.985734   0.657839   0.789079
      0.51   0.985462   0.658758   0.789652
      0.52   0.984647   0.660806   0.790859
      0.53   0.984375   0.664323   0.793284
      0.54   0.984239   0.665881   0.794349
      0.55   0.984058   0.668592   0.796216
      0.56   0.983379   0.670655   0.797454
      0.57   0.983288   0.672066   0.798421
      0.58   0.983288   0.673777   0.799627
      0.59   0.983062   0.675955   0.801084
       0.6   0.982699   0.676885   0.801616
      0.61   0.982337   0.678876   0.802889
      0.62   0.981476   0.679591   0.803101
      0.63   0.980707   0.680751   0.803652
      0.64   0.980661   0.683291   0.805404
      0.65   0.980616   0.684606   0.806301
      0.66   0.980616   0.687293   0.808162
      0.67   0.980525   0.688078   0.808674
      0.68   0.979982   0.689295   0.809328
      0.69   0.979891   0.689869   0.809693
       0.7   0.979846   0.690364   0.810018
      0.71    0.97894   0.691137    0.81024
      0.72   0.978351   0.691103   0.810015
      0.73   0.978351   0.691894   0.810558
      0.74   0.978034   0.691461   0.810152
      0.75   0.977536   0.691798   0.810212
      0.76   0.977536   0.691962   0.810325
      0.77   0.977536   0.693444    0.81134
      0.78   0.977536   0.695076   0.812456
      0.79   0.977264   0.695704   0.812791
       0.8   0.977264   0.696703   0.813473
      0.81   0.976857   0.697829   0.814098
      0.82   0.976313    0.69822   0.814175
      0.83    0.97577   0.697868   0.813747
      0.84   0.973777    0.69814   0.813238
      0.85   0.973551   0.698318   0.813279
      0.86   0.973551   0.697694   0.812856
      0.87    0.97346   0.698059   0.813072
      0.88    0.97346   0.697921   0.812978
      0.89   0.973053   0.697514    0.81256
       0.9   0.972464   0.698026   0.812702
      0.91   0.971377   0.697763   0.812144
      0.92   0.970652   0.697374   0.811627
      0.93    0.97038    0.69762   0.811699
      0.94    0.97029   0.697273   0.811432
      0.95    0.97029   0.697903   0.811859
      0.96   0.970199   0.697939   0.811851
      0.97   0.968569   0.697975   0.811304
      0.98   0.968342    0.69786   0.811147
      0.99   0.967754   0.697114   0.810437
