         0          1   0.205491   0.340925
      0.01   0.999833   0.202517   0.336812
      0.02   0.999833    0.20382   0.338613
      0.03   0.999833   0.206837   0.342766
      0.04   0.999833   0.214827   0.353665
      0.05   0.999667   0.221618   0.362805
      0.06    0.99925   0.232999   0.377884
      0.07   0.998667   0.240986   0.388278
      0.08     0.9975   0.253022   0.403655
      0.09   0.997084   0.261315   0.414102
       0.1   0.995917   0.271894   0.427168
      0.11   0.992584   0.280266   0.437109
      0.12   0.991584   0.285477   0.443322
      0.13   0.988834   0.291725   0.450534
      0.14   0.985335    0.29528   0.454391
      0.15   0.979252   0.298886   0.457986
      0.16   0.975335   0.301052   0.460091
      0.17   0.969253   0.303886   0.462703
      0.18    0.95867   0.305252   0.463061
      0.19   0.948671     0.3066   0.463426
       0.2   0.939838   0.307303   0.463164
      0.21    0.92409    0.30947   0.463663
      0.22   0.904925    0.31163   0.463607
      0.23   0.896092   0.312705   0.463622
      0.24   0.880593   0.313636   0.462534
      0.25   0.871677   0.314029    0.46172
      0.26   0.863428   0.315186   0.461797
      0.27   0.853762   0.314407   0.459571
      0.28   0.841263   0.315618   0.459024
      0.29   0.830097   0.315266   0.456976
       0.3   0.816765    0.31565   0.455331
      0.31     0.8046   0.317202   0.455019
      0.32     0.7981   0.317397   0.454173
      0.33   0.780852   0.318492   0.452443
      0.34   0.768186   0.319315   0.451114
      0.35   0.751104   0.321118   0.449894
      0.36   0.741355   0.321677   0.448673
      0.37   0.730689   0.323116   0.448085
      0.38   0.720773   0.326484   0.449405
      0.39   0.713357   0.328725   0.450057
       0.4   0.704358   0.329005   0.448511
      0.41   0.694275   0.332533   0.449684
      0.42   0.685693   0.337777     0.4526
      0.43   0.673861   0.339851   0.451829
      0.44   0.670194   0.345261    0.45574
      0.45   0.666694   0.346976   0.456415
      0.46   0.659778    0.35203   0.459103
      0.47   0.655445   0.353703   0.459462
      0.48    0.64528   0.357184   0.459834
      0.49   0.640363   0.360904   0.461635
       0.5   0.633864   0.364463   0.462814
      0.51   0.629031   0.369011    0.46515
      0.52   0.626281    0.37223   0.466937
      0.53   0.616782   0.378402   0.469042
      0.54   0.608949   0.380719   0.468517
      0.55   0.604866   0.383282    0.46923
      0.56   0.603366   0.386861   0.471445
      0.57   0.600533   0.393833     0.4757
      0.58     0.5962   0.398159   0.477458
      0.59   0.593201    0.40518   0.481485
       0.6   0.588118   0.408294   0.481979
      0.61   0.580202   0.412024    0.48186
      0.62   0.577285   0.417989    0.48489
      0.63   0.575285   0.422406   0.487132
      0.64   0.568203   0.426362   0.487168
      0.65   0.567036   0.430615   0.489498
      0.66   0.563203   0.434986    0.49086
      0.67   0.560703   0.436272   0.490723
      0.68   0.550621   0.438171   0.488002
      0.69   0.550204   0.439989   0.488963
       0.7   0.545705   0.442618   0.488785
      0.71   0.537372   0.444243    0.48639
      0.72   0.531706   0.442972     0.4833
      0.73   0.529956   0.445298   0.483952
      0.74   0.527956   0.445972   0.483514
      0.75   0.519207   0.448358   0.481188
      0.76   0.514457   0.447668   0.478745
      0.77   0.509291   0.449053   0.477279
      0.78   0.506124   0.449854   0.476333
      0.79   0.501875   0.449527   0.474261
       0.8   0.497209   0.447876   0.471255
      0.81   0.495375   0.450218   0.471719
      0.82   0.492876   0.453279   0.472249
      0.83   0.489793    0.45306    0.47071
      0.84   0.486043   0.454506   0.469746
      0.85    0.47971   0.454626   0.466831
      0.86    0.47771   0.454587   0.465862
      0.87   0.473377   0.455016   0.464015
      0.88   0.466711   0.453973   0.460254
      0.89   0.461628   0.452793   0.457168
       0.9   0.450546   0.445981   0.448252
      0.91   0.443546   0.441332   0.442436
      0.92   0.440213   0.441272   0.440742
      0.93   0.432547   0.439978   0.436231
      0.94   0.426964   0.438776   0.432789
      0.95   0.416965   0.435315   0.425942
      0.96   0.415132   0.437574   0.426058
      0.97   0.414715   0.442402   0.428112
      0.98   0.404883   0.440498    0.42194
      0.99   0.392967    0.44095   0.415578
