         0          1   0.214804   0.353644
      0.01   0.996193   0.188722   0.317328
      0.02   0.995521   0.215911    0.35486
      0.03   0.993357    0.24828   0.397266
      0.04   0.989998   0.286824   0.444785
      0.05   0.987385   0.311369    0.47344
      0.06   0.979846   0.345247   0.510589
      0.07   0.974547   0.365904   0.532046
      0.08   0.969769   0.391829   0.558144
      0.09   0.965141   0.405977   0.571541
       0.1   0.958573   0.421813   0.585834
      0.11   0.949541   0.437109   0.598641
      0.12   0.938195   0.445902     0.6045
      0.13   0.930134   0.461579   0.616981
      0.14   0.923117   0.471175     0.6239
      0.15   0.911995   0.485066   0.633298
      0.16   0.907666   0.492821   0.638802
      0.17   0.902292   0.503638   0.646445
      0.18   0.896021   0.510856   0.650714
      0.19   0.890946   0.523603   0.659577
       0.2   0.889005   0.532164   0.665785
      0.21   0.880943   0.540784   0.670171
      0.22   0.873703   0.582017   0.698637
      0.23   0.872061    0.59479    0.70722
      0.24   0.863328   0.608244   0.713677
      0.25   0.861014   0.615735   0.718005
      0.26   0.853027   0.628142   0.723512
      0.27   0.849145    0.63369   0.725765
      0.28   0.845115   0.640974   0.729023
      0.29   0.839292   0.648654   0.731761
       0.3   0.831306   0.657581   0.734308
      0.31   0.822423   0.666225   0.736129
      0.32   0.819139   0.669369   0.736719
      0.33   0.810181   0.674456   0.736115
      0.34   0.808017   0.680434   0.738758
      0.35   0.802195   0.682678   0.737627
      0.36   0.797716   0.686478   0.737929
      0.37   0.780772    0.69458   0.735158
      0.38   0.771068   0.697303   0.732333
      0.39   0.764126   0.704256   0.732971
       0.4   0.757259   0.707918   0.731758
      0.41   0.737852   0.711957   0.724673
      0.42   0.729268   0.717842    0.72351
      0.43   0.722177   0.721396   0.721786
      0.44   0.707323   0.726014   0.716547
      0.45   0.703068   0.727039   0.714853
      0.46   0.689557   0.737508   0.712727
      0.47   0.685825   0.742672   0.713118
      0.48   0.676793   0.748249    0.71073
      0.49    0.67224    0.74991   0.708954
       0.5   0.658953   0.752763   0.702742
      0.51   0.654923   0.753607   0.700808
      0.52   0.642756   0.755814   0.694715
      0.53   0.629992   0.757612   0.687933
      0.54   0.621856   0.757848   0.683149
      0.55   0.607599   0.757221   0.674208
      0.56   0.600134   0.757783   0.669807
      0.57   0.586176   0.756427   0.660507
      0.58   0.580951   0.757549     0.6576
      0.59   0.573113   0.757149   0.652401
       0.6   0.567067   0.755525   0.647869
      0.61    0.55505   0.756006   0.640127
      0.62   0.548108   0.754471   0.634943
      0.63   0.543555   0.754187   0.631777
      0.64   0.539225   0.755153   0.629179
      0.65   0.530417   0.756397   0.623565
      0.66   0.518997   0.758929   0.616439
      0.67   0.516907   0.757188    0.61439
      0.68   0.505412   0.756861   0.606091
      0.69   0.501381   0.756111   0.602946
       0.7   0.490707   0.758954    0.59604
      0.71   0.481899   0.759721   0.589728
      0.72   0.472195   0.759905   0.582458
      0.73   0.458162   0.756839    0.57079
      0.74   0.451594    0.75664   0.565609
      0.75   0.446593    0.75602   0.561499
      0.76   0.442786    0.75547    0.55833
      0.77   0.427857   0.755089   0.546213
      0.78   0.424423   0.756016   0.543647
      0.79   0.417407   0.756164   0.537894
       0.8   0.415392   0.760779   0.537373
      0.81   0.407405   0.761024   0.530704
      0.82   0.400015    0.76462   0.525245
      0.83   0.394342   0.767062   0.520895
      0.84   0.386504   0.771558   0.515016
      0.85    0.38113   0.769878   0.509855
      0.86    0.37277   0.776038   0.503624
      0.87   0.371277   0.778571   0.502789
      0.88   0.368889   0.782362   0.501376
      0.89     0.3665   0.785479   0.499797
       0.9   0.363141   0.788721   0.497311
      0.91   0.359409   0.791595   0.494362
      0.92    0.35702   0.793554   0.492476
      0.93   0.344928   0.792335   0.480625
      0.94   0.343062    0.79457   0.479218
      0.95   0.333657   0.800562   0.471008
      0.96   0.331119   0.804785   0.469194
      0.97   0.329626   0.811823   0.468874
      0.98   0.327909   0.814629   0.467598
      0.99   0.321863   0.815494   0.461557
