         0          1   0.406617   0.578148
      0.01          1   0.387252   0.558301
      0.02          1   0.405106    0.57662
      0.03          1   0.430226    0.60162
      0.04          1    0.45878   0.628992
      0.05   0.999881   0.469792   0.639239
      0.06   0.999049   0.479721   0.648194
      0.07   0.998652   0.484072   0.652069
      0.08   0.997741    0.48961   0.656878
      0.09   0.996433   0.492475   0.659165
       0.1   0.995283   0.497518   0.663412
      0.11   0.993143   0.501477   0.666442
      0.12   0.990487   0.505242   0.669153
      0.13   0.986563   0.511093   0.673353
      0.14   0.983035   0.513889   0.674946
      0.15   0.978595   0.519686   0.678861
      0.16    0.97483   0.523773   0.681421
      0.17   0.968051   0.529161   0.684279
      0.18   0.957944   0.531724    0.68386
      0.19   0.947241   0.536265   0.684827
       0.2   0.941573   0.540112   0.686455
      0.21   0.928016   0.545016   0.686725
      0.22   0.916402   0.548166   0.685991
      0.23   0.909109    0.55105   0.686178
      0.24   0.899596   0.556069   0.687298
      0.25   0.893927   0.558846   0.687743
      0.26   0.884216   0.563419   0.688273
      0.27   0.880926   0.565351    0.68871
      0.28   0.872523   0.569699   0.689319
      0.29   0.865744   0.571675   0.688629
       0.3   0.858451   0.574963   0.688674
      0.31   0.847749   0.576994   0.686645
      0.32     0.8399   0.577942   0.684721
      0.33   0.831576   0.578744   0.682497
      0.34   0.825115   0.581088   0.681928
      0.35    0.81802   0.583562    0.68118
      0.36   0.811678   0.585226   0.680096
      0.37   0.803591   0.586515   0.678104
      0.38   0.797883   0.586922   0.676334
      0.39   0.791938   0.587943   0.674862
       0.4   0.785714   0.589164    0.67339
      0.41   0.777192     0.5895   0.670458
      0.42   0.769502   0.589425   0.667532
      0.43   0.765736   0.589414   0.666104
      0.44    0.75876   0.590879   0.664378
      0.45   0.754796   0.592281   0.663735
      0.46   0.745323   0.592733   0.660327
      0.47   0.739099   0.591312   0.656998
      0.48   0.726098    0.59342   0.653089
      0.49    0.72146    0.59373   0.651393
       0.5   0.710044   0.594427   0.647112
      0.51   0.700452   0.595328   0.643625
      0.52    0.69193    0.59547   0.640086
      0.53   0.688085   0.598397   0.640114
      0.54   0.681861    0.59829   0.637348
      0.55   0.673854    0.60058   0.635111
      0.56   0.669811   0.600874   0.633473
      0.57    0.66343   0.600159    0.63021
      0.58   0.656889   0.600027   0.627172
      0.59   0.652608   0.600167    0.62529
       0.6   0.647019   0.601047   0.623187
      0.61   0.641153   0.601784   0.620845
      0.62   0.630054   0.601411   0.615399
      0.63    0.62276   0.600153   0.611248
      0.64   0.610116   0.599937   0.604984
      0.65   0.602584   0.597457    0.60001
      0.66   0.591327   0.595298   0.593306
      0.67   0.584945   0.594773   0.589818
      0.68   0.578682   0.593734   0.586111
      0.69   0.573331   0.593097   0.583047
       0.7   0.561202   0.590876   0.575657
      0.71   0.551768   0.590464    0.57046
      0.72   0.538449   0.587464    0.56189
      0.73   0.529808   0.585989   0.556484
      0.74   0.521167   0.586742   0.552014
      0.75   0.509751   0.583488   0.544133
      0.76   0.495957   0.581753    0.53544
      0.77   0.487554   0.578253   0.529044
      0.78   0.482519   0.576163     0.5252
      0.79   0.476613   0.574057   0.520817
       0.8   0.465713   0.572736   0.513709
      0.81   0.460243   0.571596   0.509911
      0.82   0.455922   0.571087   0.507047
      0.83   0.451364   0.569003   0.503402
      0.84   0.444863   0.567494   0.498751
      0.85   0.437371   0.565371   0.493202
      0.86   0.433249   0.560912   0.488884
      0.87   0.428016    0.55979   0.485114
      0.88   0.423854   0.556482   0.481197
      0.89   0.420604   0.554763   0.478457
       0.9   0.410853   0.548552   0.469821
      0.91   0.404432   0.546329   0.464791
      0.92   0.400032   0.543891   0.460999
      0.93   0.387704   0.538485   0.450821
      0.94   0.383899   0.537765   0.447989
      0.95   0.368479   0.533527   0.435903
      0.96    0.36289   0.530901   0.431105
      0.97   0.354804    0.52834   0.424522
      0.98   0.352505   0.527185   0.422502
      0.99   0.342992   0.523169   0.414341
