         0          1   0.364376   0.534128
      0.01          1   0.350604   0.519181
      0.02          1   0.350576    0.51915
      0.03          1   0.350626   0.519205
      0.04          1   0.350632   0.519212
      0.05          1   0.350782   0.519377
      0.06          1   0.351023    0.51964
      0.07          1   0.351323   0.519969
      0.08          1   0.351862   0.520559
      0.09          1   0.352433   0.521183
       0.1          1   0.353008   0.521812
      0.11          1   0.354012   0.522909
      0.12          1   0.354538   0.523482
      0.13          1   0.355496   0.524526
      0.14          1   0.356118   0.525202
      0.15          1   0.356949   0.526105
      0.16          1   0.357678   0.526897
      0.17   0.999948   0.359215   0.528555
      0.18   0.999534   0.359875   0.529211
      0.19    0.99798   0.360935   0.530137
       0.2   0.997876   0.361908   0.531172
      0.21   0.997514   0.363639   0.532982
      0.22   0.997255   0.364628   0.534007
      0.23   0.997099   0.365772    0.53521
      0.24   0.995752   0.367951   0.537343
      0.25   0.995545   0.368948   0.538374
      0.26   0.995131   0.371414   0.540934
      0.27   0.994975   0.372414   0.541971
      0.28     0.9928   0.374517   0.543869
      0.29   0.992178   0.375604    0.54492
       0.3   0.990003   0.377497   0.546579
      0.31   0.989277   0.379603   0.548671
      0.32   0.988759    0.38045   0.549475
      0.33   0.986998   0.382994   0.551849
      0.34   0.985703    0.38373    0.55241
      0.35   0.983683   0.386193   0.554637
      0.36   0.982492   0.388176   0.556488
      0.37   0.980316   0.390016   0.558024
      0.38   0.979694   0.391741   0.559685
      0.39   0.978451   0.394722   0.562516
       0.4   0.975343   0.396187   0.563485
      0.41   0.973375   0.399529   0.566524
      0.42   0.970629   0.402005   0.568539
      0.43   0.968972   0.404132   0.570376
      0.44   0.967884   0.406691   0.572729
      0.45   0.965501   0.408572   0.574171
      0.46   0.960321   0.410449   0.575097
      0.47   0.958715   0.412163   0.576487
      0.48   0.954675   0.415306   0.578814
      0.49   0.949909   0.416923   0.579499
       0.5   0.945092   0.419691    0.58126
      0.51   0.938099   0.422531   0.582636
      0.52   0.931831   0.424611   0.583387
      0.53    0.92634    0.42807   0.585552
      0.54   0.922041   0.429763   0.586267
      0.55   0.917275   0.433175   0.588457
      0.56   0.914167   0.434236   0.588792
      0.57   0.909039   0.437195   0.590428
      0.58   0.905724   0.439477     0.5918
      0.59   0.896089   0.442283   0.592249
       0.6   0.892774   0.444365   0.593383
      0.61   0.891634   0.447001   0.595474
      0.62   0.885574   0.450691   0.597366
      0.63   0.880963   0.453028   0.598356
      0.64   0.871847   0.455352   0.598249
      0.65   0.868376   0.457502   0.599277
      0.66   0.861901   0.460905   0.600624
      0.67   0.860243   0.463455   0.602379
      0.68   0.849573   0.466744   0.602489
      0.69   0.845739   0.469242   0.603593
       0.7   0.840145   0.472382   0.604741
      0.71    0.83367   0.474638    0.60489
      0.72   0.827817     0.4772   0.605409
      0.73    0.82186   0.481466   0.607212
      0.74   0.816421   0.483207   0.607097
      0.75   0.808961   0.485708    0.60698
      0.76   0.804766   0.487157    0.60692
      0.77   0.796944   0.490258   0.607065
      0.78   0.791867   0.491546   0.606569
      0.79   0.787464   0.495282   0.608097
       0.8   0.781559   0.496505   0.607243
      0.81   0.774877   0.498604   0.606773
      0.82   0.764258        0.5   0.604511
      0.83   0.758042   0.502125   0.604098
      0.84   0.748822   0.505559   0.603603
      0.85   0.738513   0.507003   0.601242
      0.86   0.726185   0.509505   0.598848
      0.87   0.721989   0.511026    0.59846
      0.88   0.719088   0.512816   0.598683
      0.89   0.714737   0.514915    0.59859
       0.9   0.705724   0.517053   0.596832
      0.91   0.699042   0.519297    0.59591
      0.92   0.694483   0.520877   0.595281
      0.93    0.68174   0.524399   0.592807
      0.94   0.676353   0.526424   0.592044
      0.95   0.672209   0.529929   0.592649
      0.96   0.669257   0.532598   0.593158
      0.97   0.659311   0.535649   0.591081
      0.98   0.657291   0.537863    0.59161
      0.99   0.647449   0.539098   0.588327
