         0          1   0.374026   0.544424
      0.01   0.984508   0.348183   0.514432
      0.02   0.979801   0.348846   0.514508
      0.03   0.963356   0.349068   0.512451
      0.04   0.951081   0.347089   0.508577
      0.05   0.942323   0.345661    0.50579
      0.06    0.93124   0.342724   0.501048
      0.07   0.926056   0.340832   0.498275
      0.08   0.917357   0.338057   0.494051
      0.09   0.912411   0.336622   0.491801
       0.1   0.905857   0.334805   0.488909
      0.11   0.898647   0.332772   0.485692
      0.12   0.894417   0.332326   0.484598
      0.13   0.887684    0.33279   0.484095
      0.14   0.879283   0.331774   0.481766
      0.15   0.868677    0.33067   0.479003
      0.16   0.862659   0.330029   0.477413
      0.17   0.857594   0.329799   0.476394
      0.18   0.850742   0.329334   0.474848
      0.19    0.84818   0.329005   0.474107
       0.2   0.846333   0.328738   0.473541
      0.21   0.842936   0.328845   0.473118
      0.22   0.839183   0.330512   0.474244
      0.23    0.83668   0.330556   0.473888
      0.24    0.83376   0.330824   0.473693
      0.25   0.831198   0.330875   0.473331
      0.26    0.82661   0.331524   0.473246
      0.27   0.824406   0.331604   0.472965
      0.28   0.822261   0.332555   0.473576
      0.29   0.821903   0.332647    0.47361
       0.3   0.818447    0.33352   0.473917
      0.31   0.815647   0.333522   0.473449
      0.32   0.812429   0.333714   0.473098
      0.33   0.808795   0.333744    0.47251
      0.34    0.80653   0.333644   0.472023
      0.35   0.804505   0.333964   0.471994
      0.36   0.802479   0.333731   0.471413
      0.37   0.797414   0.333763   0.470567
      0.38   0.795388   0.333536   0.469988
      0.39   0.792051   0.333594   0.469461
       0.4   0.791336   0.333306    0.46905
      0.41   0.789668   0.332676   0.468134
      0.42   0.786629   0.332313    0.46724
      0.43   0.783769   0.331961   0.466387
      0.44   0.782339   0.331843   0.466017
      0.45   0.781088   0.331085   0.465047
      0.46   0.779241   0.330314   0.463959
      0.47   0.776917    0.32969   0.462932
      0.48   0.770899   0.328631   0.460818
      0.49   0.766907   0.328334   0.459811
       0.5   0.763451   0.327659   0.458527
      0.51   0.759757   0.327141   0.457353
      0.52   0.758506   0.326087   0.456095
      0.53    0.75648   0.325456   0.455112
      0.54   0.752666   0.325357   0.454323
      0.55   0.746768   0.323906   0.451832
      0.56   0.744265   0.323826   0.451296
      0.57   0.739498   0.322418   0.449052
      0.58   0.735804   0.322124   0.448083
      0.59   0.733361   0.321113   0.446653
       0.6   0.729607   0.320249    0.44512
      0.61   0.728594   0.319345   0.444058
      0.62   0.725496   0.319161   0.443304
      0.63   0.722994   0.318836   0.442522
      0.64   0.719955   0.317916   0.441067
      0.65   0.716797   0.316997   0.439589
      0.66   0.712447   0.316242   0.438044
      0.67   0.710958   0.315673   0.437217
      0.68   0.706489   0.314267   0.435023
      0.69   0.703867   0.313292   0.433592
       0.7   0.701841   0.312051   0.432019
      0.71   0.698862   0.310785   0.430241
      0.72   0.696717   0.310256   0.429328
      0.73   0.693916   0.309092   0.427681
      0.74   0.692189   0.308183   0.426483
      0.75   0.688792   0.307265   0.424959
      0.76   0.687303   0.305915   0.423384
      0.77   0.681761   0.304503   0.420979
      0.78   0.678961   0.303279   0.419275
      0.79   0.675862   0.302217    0.41767
       0.8   0.669666   0.301453   0.415753
      0.81   0.665912   0.300715   0.414326
      0.82   0.661622   0.299804   0.412631
      0.83   0.659894   0.298807   0.411351
      0.84   0.654531   0.298186   0.409717
      0.85   0.652506   0.297575   0.408743
      0.86   0.648573   0.296266   0.406736
      0.87   0.645296   0.296123   0.405955
      0.88   0.639695   0.294311   0.403143
      0.89   0.637014   0.293844   0.402172
       0.9    0.63463   0.292536   0.400473
      0.91   0.629923   0.292108   0.399131
      0.92   0.628374   0.291291   0.398058
      0.93   0.625395   0.290665   0.396874
      0.94   0.621462   0.290419   0.395851
      0.95   0.617113   0.288919   0.393575
      0.96   0.614133   0.287823   0.391952
      0.97   0.611333   0.286829    0.39046
      0.98   0.609426   0.286447   0.389716
      0.99   0.604004   0.285405   0.387642
