         0          1   0.176767   0.300428
      0.01   0.999911     0.1429   0.250062
      0.02   0.999911   0.146842   0.256077
      0.03   0.999911   0.154118   0.267072
      0.04   0.999911   0.167224    0.28653
      0.05   0.999911    0.17608   0.299432
      0.06   0.999911   0.187394   0.315635
      0.07   0.999732   0.193683   0.324499
      0.08   0.999197   0.201745   0.335707
      0.09   0.998929   0.205057   0.340266
       0.1   0.996252   0.208928   0.345418
      0.11   0.993664    0.21189   0.349296
      0.12   0.993396   0.213985    0.35212
      0.13   0.992147   0.215937    0.35468
      0.14   0.991924   0.216983   0.356074
      0.15   0.991567   0.218797    0.35849
      0.16   0.991567   0.219693   0.359691
      0.17    0.99121   0.221262   0.361769
      0.18   0.990763    0.22197   0.362685
      0.19   0.989202   0.223321    0.36438
       0.2   0.988934   0.224525   0.365962
      0.21   0.988532   0.226073   0.367989
      0.22    0.98822   0.227939   0.370435
      0.23   0.988175   0.229291   0.372215
      0.24   0.987818    0.23068   0.374018
      0.25   0.986658   0.231903   0.375539
      0.26   0.985632    0.23247   0.376208
      0.27   0.985632   0.233279   0.377267
      0.28   0.985454   0.234189   0.378443
      0.29   0.985364   0.234944   0.379422
       0.3   0.985141   0.236325   0.381203
      0.31   0.984561   0.236628   0.381554
      0.32    0.98291    0.23667   0.381484
      0.33   0.975548   0.236951   0.381291
      0.34   0.969569   0.237291    0.38127
      0.35   0.963812   0.237605   0.381227
      0.36   0.958458   0.237555   0.380743
      0.37   0.956361   0.237971    0.38111
      0.38   0.954442   0.238458   0.381581
      0.39   0.943867   0.238466   0.380739
       0.4   0.940342   0.238919   0.381027
      0.41   0.934809   0.239801    0.38169
      0.42   0.931016   0.240222   0.381904
      0.43   0.920753   0.240691   0.381624
      0.44   0.916514   0.241948   0.382833
      0.45   0.914328   0.243152   0.384146
      0.46   0.912231   0.245486   0.386865
      0.47   0.909375   0.246627   0.388021
      0.48    0.90759   0.248189   0.389786
      0.49   0.904779   0.249077    0.39062
       0.5   0.902057   0.251756   0.393648
      0.51   0.900763   0.254547   0.396926
      0.52    0.89871   0.256285   0.398834
      0.53   0.895587   0.257327   0.399785
      0.54   0.891616   0.258399   0.400678
      0.55   0.888448   0.259818   0.402058
      0.56    0.88635   0.260296   0.402414
      0.57   0.884789   0.261065    0.40317
      0.58   0.881754   0.260659   0.402371
      0.59   0.878765   0.260676    0.40208
       0.6   0.877426   0.261124   0.402472
      0.61   0.874258   0.260923   0.401899
      0.62   0.865959   0.261394   0.401571
      0.63   0.863861   0.261772   0.401791
      0.64   0.861184     0.2631   0.403061
      0.65   0.854937   0.263625   0.402987
      0.66   0.844496   0.263976   0.402223
      0.67   0.840391   0.264781   0.402687
      0.68   0.831244   0.265631   0.402605
      0.69   0.824417   0.266649   0.402963
       0.7   0.818928    0.26845   0.404351
      0.71   0.815135    0.27005   0.405695
      0.72   0.814868   0.271254   0.407019
      0.73   0.811923   0.273154   0.408782
      0.74   0.811833   0.275365   0.411241
      0.75   0.807907   0.278854   0.414605
      0.76   0.807416   0.280976    0.41688
      0.77   0.806167   0.283187    0.41914
      0.78   0.805453   0.283832    0.41975
      0.79   0.803266    0.28557   0.421346
       0.8   0.802775    0.28656   0.422356
      0.81   0.801392   0.288967    0.42477
      0.82   0.800723   0.290441   0.426265
      0.83   0.799607   0.291702   0.427463
      0.84   0.796752   0.294199   0.429724
      0.85   0.794253   0.295114   0.430333
      0.86   0.793807   0.296931   0.432196
      0.87   0.792736   0.298414   0.433604
      0.88   0.790282   0.300457   0.435385
      0.89   0.789791   0.301732   0.436647
       0.9   0.786266   0.303454   0.437902
      0.91   0.783276   0.305198   0.439246
      0.92   0.783276   0.306792   0.440895
      0.93   0.781982   0.308448   0.442396
      0.94   0.781804   0.310243    0.44421
      0.95   0.781804   0.312232   0.446245
      0.96   0.780956   0.313408   0.447306
      0.97   0.780197   0.315419   0.449225
      0.98   0.778769   0.316259   0.449838
      0.99   0.777029    0.31798   0.451283
