         0          1   0.361785    0.53134
      0.01          1   0.339402   0.506797
      0.02          1   0.340533   0.508056
      0.03          1   0.341762   0.509423
      0.04          1   0.342956   0.510748
      0.05   0.999969   0.343335   0.511164
      0.06   0.999626   0.344113   0.511981
      0.07   0.999595   0.344496   0.512401
      0.08   0.999595   0.344603   0.512519
      0.09    0.99947   0.344777   0.512695
       0.1   0.999314   0.345193   0.513134
      0.11   0.999314   0.345725   0.513721
      0.12   0.999251   0.345977   0.513991
      0.13   0.999251   0.346749   0.514843
      0.14   0.999251    0.34677   0.514866
      0.15   0.999158   0.347197   0.515324
      0.16   0.999095   0.347754   0.515929
      0.17   0.999002   0.348708   0.516966
      0.18   0.998908   0.349186   0.517478
      0.19   0.998846   0.350193   0.518575
       0.2    0.99869   0.351055   0.519499
      0.21   0.998534   0.352734   0.521313
      0.22   0.998378   0.354119   0.522803
      0.23   0.997848   0.355196   0.523903
      0.24   0.997692   0.357352   0.526222
      0.25   0.997473   0.358778   0.527736
      0.26   0.997318   0.360468   0.529541
      0.27    0.99582    0.36142   0.530355
      0.28   0.995228    0.36332   0.532313
      0.29   0.992452   0.365019   0.533733
       0.3   0.991765   0.367308   0.536076
      0.31   0.991391   0.370058   0.538944
      0.32    0.99083   0.372177   0.541104
      0.33   0.989707   0.374895   0.543802
      0.34   0.987835    0.37696   0.545685
      0.35   0.986307   0.380852   0.549515
      0.36    0.98456   0.382756   0.551221
      0.37   0.983063    0.38608   0.554421
      0.38   0.981628   0.388457   0.556638
      0.39   0.979133    0.39109    0.55893
       0.4   0.977573   0.393677    0.56131
      0.41   0.975203   0.398415   0.565712
      0.42   0.972364   0.401549   0.568379
      0.43   0.970836   0.404615   0.571179
      0.44   0.967904    0.40858   0.574604
      0.45   0.965627   0.412048   0.577617
      0.46   0.962352   0.415945    0.58084
      0.47   0.961354   0.418812   0.583446
      0.48   0.957299   0.422931   0.586672
      0.49   0.955895   0.426079   0.589428
       0.5   0.952121   0.430736   0.593139
      0.51   0.949189   0.433797   0.595459
      0.52   0.945508   0.436743   0.597496
      0.53   0.939551   0.442359   0.601514
      0.54   0.936057   0.445525   0.603709
      0.55   0.930817   0.450824   0.607444
      0.56   0.928322   0.454128   0.609898
      0.57   0.925265    0.45914   0.613732
      0.58    0.92252   0.461241   0.614997
      0.59   0.917405   0.466581   0.618566
       0.6    0.91179   0.469499   0.619833
      0.61    0.90262    0.47338    0.62105
      0.62   0.890487   0.478023   0.622097
      0.63   0.884747   0.480248   0.622564
      0.64    0.87854    0.48554   0.625428
      0.65   0.870181   0.487598   0.624989
      0.66   0.864473   0.492438   0.627453
      0.67   0.857455   0.494483   0.627243
      0.68   0.848877    0.49894   0.628481
      0.69   0.843044     0.5019   0.629207
       0.7   0.835933   0.506833   0.631053
      0.71   0.828041   0.510881   0.631897
      0.72   0.821054   0.512929   0.631406
      0.73   0.812477   0.515695   0.630928
      0.74   0.804554   0.518318   0.630469
      0.75    0.79398   0.523334   0.630855
      0.76   0.786837   0.526604    0.63094
      0.77   0.771772   0.529239   0.627899
      0.78   0.767623   0.530596   0.627471
      0.79   0.758266    0.53377   0.626514
       0.8   0.753618   0.537039   0.627157
      0.81   0.745945   0.540832   0.627041
      0.82   0.739208   0.543706    0.62656
      0.83   0.733905   0.545179   0.625619
      0.84   0.727199   0.548405   0.625271
      0.85   0.720898   0.552233   0.625393
      0.86    0.71257   0.554377   0.623598
      0.87   0.708952   0.557681   0.624284
      0.88   0.698191   0.560615   0.621885
      0.89   0.695321   0.562183   0.621704
       0.9   0.686619   0.566968   0.621083
      0.91   0.679601   0.572248   0.621321
      0.92     0.6767   0.574096   0.621189
      0.93   0.667218   0.575882   0.618195
      0.94   0.662726   0.578782   0.617916
      0.95     0.6534   0.581985   0.615628
      0.96    0.64292   0.582874   0.611426
      0.97   0.634872   0.584523   0.608658
      0.98   0.626762   0.586682    0.60606
      0.99   0.617062   0.588293   0.602334
