         0          1   0.298178   0.459379
      0.01   0.997772   0.252259   0.402705
      0.02   0.997189   0.251986    0.40231
      0.03   0.996606   0.251257   0.401333
      0.04   0.994219   0.250561   0.400251
      0.05   0.992151   0.250263   0.399703
      0.06     0.9904   0.250401   0.399737
      0.07   0.988438   0.250839   0.400135
      0.08   0.986529   0.251666   0.401029
      0.09   0.984885   0.252596   0.402072
       0.1   0.983718   0.254374   0.404223
      0.11   0.982445   0.256002   0.406167
      0.12   0.982074   0.257306   0.407774
      0.13    0.98096    0.25935    0.41024
      0.14   0.980164   0.260859   0.412055
      0.15   0.978626   0.263272   0.414921
      0.16   0.976505   0.264366   0.416086
      0.17   0.975285   0.266152   0.418184
      0.18   0.972474   0.267154   0.419159
      0.19   0.971413   0.268878   0.421178
       0.2   0.968656   0.270473    0.42287
      0.21   0.967224   0.273614    0.42656
      0.22   0.964784   0.276184   0.429436
      0.23   0.964307   0.278325   0.431972
      0.24   0.961655   0.281787   0.435858
      0.25   0.961443   0.283867    0.43832
      0.26   0.959692    0.28623   0.440946
      0.27   0.957518   0.288563   0.443477
      0.28   0.953699   0.292552   0.447753
      0.29   0.951525   0.294878    0.45023
       0.3   0.946486   0.298312   0.453645
      0.31   0.944736   0.301207    0.45678
      0.32   0.942668   0.303211   0.458837
      0.33   0.940493   0.305797    0.46153
      0.34   0.940016    0.30828   0.464294
      0.35   0.937629   0.311671   0.467833
      0.36   0.935561   0.313625   0.469771
      0.37   0.933386   0.318265   0.474676
      0.38   0.931212   0.321139   0.477579
      0.39    0.92925   0.325229   0.481824
       0.4   0.928242   0.328138   0.484871
      0.41   0.922408   0.332316   0.488603
      0.42   0.918377    0.33659   0.492629
      0.43   0.914028   0.339944   0.495574
      0.44   0.905171   0.345179   0.499773
      0.45   0.903209   0.348046   0.502468
      0.46   0.898966   0.353036   0.506976
      0.47   0.894882   0.355616   0.508972
      0.48    0.88873   0.359366   0.511787
      0.49   0.877698   0.362667   0.513255
       0.5   0.867993   0.366405   0.515291
      0.51   0.859454   0.370702   0.517985
      0.52   0.850597   0.373882   0.519441
      0.53   0.844179   0.377575   0.521776
      0.54   0.840467   0.380418   0.523765
      0.55   0.828852   0.384117   0.524954
      0.56   0.823866   0.387288   0.526892
      0.57   0.817078   0.392022   0.529836
      0.58   0.813206   0.394986   0.531712
      0.59   0.803447   0.398995   0.533201
       0.6   0.793211   0.402043   0.533619
      0.61   0.783347   0.405887   0.534714
      0.62    0.77502   0.409261   0.535659
      0.63     0.7642   0.411186   0.534682
      0.64   0.754707   0.415075   0.535587
      0.65   0.746911   0.417961   0.535989
      0.66   0.739326    0.42367   0.538661
      0.67   0.731901   0.427109   0.539429
      0.68   0.723203   0.431876   0.540801
      0.69   0.716043   0.434936   0.541162
       0.7   0.706921   0.437669   0.540626
      0.71   0.695518   0.438936   0.538211
      0.72   0.689737     0.4432   0.539644
      0.73   0.674887    0.44685    0.53769
      0.74   0.665341   0.448892   0.536093
      0.75   0.654946   0.453569   0.535966
      0.76    0.64577   0.456977   0.535213
      0.77   0.638823   0.461359   0.535778
      0.78   0.631132    0.46461   0.535218
      0.79   0.623389   0.469667   0.535719
       0.8    0.61554   0.470642   0.533426
      0.81   0.599151   0.474519   0.529601
      0.82   0.591779    0.47788   0.528765
      0.83   0.580801   0.480208   0.525736
      0.84   0.571148   0.484191   0.524087
      0.85   0.562185   0.487093   0.521952
      0.86   0.554654   0.494061   0.522607
      0.87   0.546221   0.495732   0.519753
      0.88   0.540334   0.498842    0.51876
      0.89    0.53397   0.499409   0.516111
       0.9   0.524158   0.500612   0.512115
      0.91    0.51896   0.504956   0.511862
      0.92   0.516574   0.504668   0.510552
      0.93   0.502944   0.507414   0.505169
      0.94   0.491276   0.510142   0.500531
      0.95   0.483267   0.510932   0.496715
      0.96   0.479024   0.512116   0.495018
      0.97   0.464174   0.513405    0.48755
      0.98   0.460621   0.514959   0.486276
      0.99   0.446354   0.516513   0.478877
