         0          1    0.48887   0.656699
      0.01   0.999389   0.451437   0.621937
      0.02   0.998875   0.459435   0.629384
      0.03   0.998753   0.464058   0.633683
      0.04   0.998069   0.465768   0.635137
      0.05   0.996944   0.466082   0.635201
      0.06   0.994964   0.468546    0.63708
      0.07   0.993203   0.468753    0.63691
      0.08   0.990514   0.469704   0.637231
      0.09   0.988974   0.470507   0.637651
       0.1   0.985698   0.471916   0.638258
      0.11   0.984182   0.475438    0.64115
      0.12   0.983277    0.47718   0.642539
      0.13   0.982128   0.479339   0.644246
      0.14   0.981101   0.481628   0.646088
      0.15   0.979903   0.484865   0.648732
      0.16   0.976847   0.487674   0.650565
      0.17   0.972666   0.491128   0.652693
      0.18   0.971053    0.49297   0.653952
      0.19    0.96741   0.496736    0.65642
       0.2   0.964965   0.500545   0.659168
      0.21    0.95922   0.505659   0.662223
      0.22   0.955161   0.510987   0.665792
      0.23   0.953376   0.514394    0.66824
      0.24    0.94944   0.519712   0.671729
      0.25    0.94746   0.524017   0.674812
      0.26   0.943988   0.531387   0.679994
      0.27   0.941592   0.536836   0.683808
      0.28   0.938365    0.54386   0.688612
      0.29   0.931006   0.548545   0.690343
       0.3   0.926434   0.557099   0.695793
      0.31   0.922424   0.565415   0.701088
      0.32   0.918781   0.570956   0.704263
      0.33   0.913427   0.580602   0.709942
      0.34   0.910885   0.586686   0.713694
      0.35   0.905775   0.594552   0.717884
      0.36   0.902474   0.600336   0.721033
      0.37   0.897536    0.60847   0.725261
      0.38   0.893966   0.616065   0.729444
      0.39   0.888441   0.626556   0.734863
       0.4   0.882035   0.632202   0.736509
      0.41   0.875532   0.642336   0.741021
      0.42   0.868955   0.651281   0.744534
      0.43    0.86607   0.657406   0.747448
      0.44   0.857097    0.66593   0.749516
      0.45   0.848785    0.67198   0.750105
      0.46   0.839299   0.682564    0.75286
      0.47   0.833187   0.689245   0.754411
      0.48   0.825094   0.699869    0.75734
      0.49   0.821647   0.707259   0.760174
       0.5   0.814019    0.71891   0.763514
      0.51   0.804337   0.727777   0.764144
      0.52   0.800645   0.733401    0.76555
      0.53   0.795389   0.743286   0.768455
      0.54   0.790328   0.749219   0.769225
      0.55   0.784949   0.758419   0.771456
      0.56   0.778593   0.763355   0.770899
      0.57   0.773092   0.772082   0.772587
      0.58   0.769547   0.778316   0.773906
      0.59   0.765122   0.787317   0.776061
       0.6   0.761381    0.79238   0.776571
      0.61   0.758349   0.799499   0.778381
      0.62   0.747959   0.807604   0.776638
      0.63   0.740673    0.81168   0.774553
      0.64    0.73302   0.819065   0.773657
      0.65   0.727568   0.824492   0.773004
      0.66   0.722679   0.832536   0.773727
      0.67    0.71752   0.835988   0.772237
      0.68   0.711163   0.842886   0.771442
      0.69   0.709012   0.848139    0.77236
       0.7   0.699086     0.8539   0.768776
      0.71   0.688255   0.860897   0.764956
      0.72   0.680676   0.862986   0.761065
      0.73   0.671801   0.866001   0.756639
      0.74   0.665322   0.869121   0.753688
      0.75   0.659674   0.870423   0.750535
      0.76    0.65542   0.873123   0.748768
      0.77   0.644492   0.877755   0.743251
      0.78   0.637842   0.879667   0.739486
      0.79   0.629602   0.883063   0.735098
       0.8   0.621534   0.885808   0.730504
      0.81   0.609286    0.88967   0.723254
      0.82   0.598577   0.892876   0.716691
      0.83   0.594421    0.89701    0.71502
      0.84   0.585326   0.900029   0.709339
      0.85   0.577038   0.901702   0.703729
      0.86   0.562613   0.905036   0.693879
      0.87   0.556599   0.907252   0.689927
      0.88   0.540976   0.909353   0.678381
      0.89    0.53281    0.91037   0.672202
       0.9   0.527994   0.914141    0.66937
      0.91   0.522371   0.915366   0.665157
      0.92   0.516992   0.915842   0.660904
      0.93   0.508777    0.91624   0.654254
      0.94   0.502103   0.917757    0.64909
      0.95   0.493619   0.920139    0.64254
      0.96   0.485037   0.921073   0.635448
      0.97   0.477458   0.921553    0.62902
      0.98   0.473302   0.921334   0.625352
      0.99   0.464525   0.920885   0.617541
