         0          1   0.242084   0.389803
      0.01          1   0.217544   0.357349
      0.02          1   0.217495   0.357283
      0.03          1   0.217095   0.356743
      0.04   0.999522   0.216604   0.356049
      0.05   0.999462   0.216313   0.355653
      0.06   0.999462   0.216112   0.355381
      0.07   0.999103   0.215991   0.355194
      0.08   0.998446   0.215838   0.354946
      0.09   0.998386    0.21577    0.35485
       0.1   0.998326   0.215937   0.355073
      0.11   0.997968   0.216409   0.355688
      0.12   0.997968   0.217117   0.356644
      0.13   0.997669   0.218126   0.357984
      0.14   0.997669   0.218882   0.359001
      0.15   0.997669   0.220206    0.36078
      0.16   0.997669    0.22137   0.362341
      0.17   0.997549   0.223608   0.365325
      0.18    0.99737   0.224791    0.36689
      0.19    0.99737   0.227366   0.370314
       0.2    0.99731   0.228774   0.372175
      0.21   0.996892   0.231356   0.375554
      0.22   0.996892   0.234761   0.380029
      0.23   0.996772   0.236951   0.382883
      0.24   0.996653   0.240489   0.387481
      0.25   0.996653   0.242988   0.390717
      0.26   0.995697   0.247016   0.395832
      0.27   0.995398   0.249556   0.399063
      0.28   0.995159   0.253753   0.404391
      0.29   0.995159   0.257112   0.408646
       0.3   0.995159   0.261991   0.414783
      0.31   0.994561   0.266818   0.420756
      0.32   0.994441   0.270095   0.424809
      0.33   0.993904   0.275271   0.431135
      0.34   0.993605   0.278157   0.434638
      0.35   0.992529   0.283032   0.440461
      0.36   0.991513   0.287449   0.445688
      0.37   0.990676   0.292938   0.452171
      0.38   0.989959   0.296873   0.456769
      0.39   0.988285   0.302653   0.463396
       0.4   0.987448   0.307173   0.468581
      0.41   0.985177   0.312813   0.474851
      0.42   0.981591   0.319324   0.481885
      0.43   0.978543   0.323926    0.48673
      0.44   0.975016   0.327797   0.490642
      0.45   0.972148    0.33192   0.494875
      0.46   0.971251    0.33708   0.500469
      0.47   0.970653   0.340513   0.504161
      0.48   0.967784    0.34688   0.510709
      0.49   0.960911   0.348111   0.511074
       0.5   0.959178   0.352643   0.515691
      0.51   0.949614   0.357413   0.519354
      0.52   0.944713   0.358591   0.519857
      0.53   0.937302   0.363484   0.523828
      0.54   0.928635   0.366977   0.526064
      0.55   0.922479   0.370255   0.528419
      0.56   0.920268   0.371985   0.529812
      0.57   0.914171   0.375648   0.532488
      0.58   0.910286   0.378852    0.53503
      0.59   0.900663   0.382118   0.536583
       0.6   0.895165   0.385121   0.538547
      0.61   0.886199   0.387753   0.539465
      0.62   0.878728   0.391809   0.541965
      0.63   0.874484   0.393183   0.542465
      0.64   0.860678   0.394822   0.541321
      0.65   0.850637   0.395875   0.540301
      0.66   0.839579   0.397494   0.539544
      0.67   0.831152   0.398478   0.538691
      0.68   0.818839   0.399027   0.536576
      0.69   0.809575   0.399668   0.535147
       0.7   0.798757   0.400552   0.533547
      0.71    0.78489   0.400179    0.53009
      0.72   0.777838   0.401283   0.529434
      0.73   0.772697   0.402369   0.529178
      0.74   0.760325   0.401216   0.525259
      0.75   0.750164   0.403216   0.524507
      0.76   0.735282    0.40234    0.52009
      0.77   0.724583   0.400563   0.515918
      0.78   0.717291   0.399866   0.513483
      0.79   0.703843   0.398988    0.50928
       0.8   0.698046   0.400703   0.509141
      0.81   0.686331    0.40029   0.505662
      0.82   0.672524     0.4001   0.501717
      0.83   0.658777   0.397957   0.496179
      0.84   0.647481   0.397206   0.492364
      0.85    0.63206   0.396008   0.486934
      0.86    0.61401   0.394065   0.480044
      0.87   0.599546   0.393364   0.475047
      0.88   0.589385   0.395778   0.473558
      0.89   0.573666   0.394918   0.467798
       0.9   0.563624   0.397345   0.466099
      0.91   0.550475   0.394687   0.459742
      0.92   0.537326   0.393802   0.454503
      0.93   0.519574   0.392144   0.446954
      0.94   0.508039   0.392103   0.442605
      0.95    0.50003   0.392136   0.439559
      0.96   0.490108   0.393507   0.436527
      0.97   0.481561   0.397417   0.435462
      0.98   0.475524   0.396998   0.432728
      0.99   0.463511   0.401082   0.430043
