         0          1   0.319512   0.484288
      0.01   0.999788   0.295363   0.456009
      0.02   0.999788   0.295363   0.456009
      0.03   0.999788   0.295351   0.455994
      0.04   0.999717   0.295232   0.455845
      0.05   0.999575   0.294985   0.455536
      0.06   0.999575   0.294567   0.455038
      0.07   0.999575   0.294013   0.454377
      0.08    0.99908   0.293242   0.453404
      0.09   0.998868   0.292938   0.453019
       0.1   0.997735   0.292198   0.452017
      0.11   0.996957   0.291855   0.451528
      0.12   0.995895   0.291333   0.450794
      0.13   0.995187   0.290603   0.449847
      0.14   0.993913   0.290041   0.449043
      0.15   0.991648   0.289246    0.44786
      0.16   0.990587   0.288541   0.446906
      0.17   0.989737   0.288372   0.446617
      0.18   0.987543   0.288387   0.446411
      0.19     0.9845   0.287718   0.445298
       0.2   0.983155   0.286969   0.444264
      0.21   0.981881   0.287155   0.444357
      0.22   0.979192   0.286621   0.443441
      0.23   0.976573   0.286198   0.442666
      0.24   0.970274   0.285028    0.44062
      0.25   0.967655   0.284346   0.439535
      0.26   0.962064   0.284076   0.438633
      0.27   0.960153   0.283728    0.43802
      0.28   0.956402    0.28329   0.437107
      0.29   0.955269   0.282971   0.436609
       0.3   0.946139   0.281941   0.434427
      0.31   0.942883   0.281219   0.433227
      0.32   0.938708   0.280559   0.432002
      0.33    0.93708   0.280314    0.43154
      0.34   0.932055   0.279577   0.430132
      0.35   0.925826   0.278344    0.42801
      0.36   0.921226   0.277813    0.42689
      0.37   0.916201   0.278087   0.426671
      0.38   0.911671   0.277967   0.426037
      0.39   0.905797   0.276616   0.423808
       0.4    0.90247   0.276161   0.422909
      0.41    0.89886   0.275926   0.422237
      0.42   0.891995   0.274107   0.419349
      0.43    0.88966   0.273087   0.417898
      0.44   0.882511   0.271855   0.415665
      0.45   0.877698   0.271254   0.414428
      0.46   0.870479   0.269195    0.41122
      0.47   0.865312   0.268063   0.409323
      0.48   0.856182   0.267835   0.408028
      0.49   0.850945   0.266345   0.405705
       0.5   0.841673   0.265268   0.403398
      0.51   0.832331   0.264122   0.400997
      0.52   0.827376   0.262982   0.399108
      0.53   0.818883   0.261938   0.396914
      0.54   0.807347   0.261309   0.394826
      0.55   0.799915   0.260609   0.393136
      0.56   0.787388   0.259473   0.390321
      0.57   0.780522   0.259257   0.389229
      0.58   0.777054   0.259148   0.388673
      0.59   0.765376   0.256628   0.384376
       0.6    0.76205   0.256804   0.384152
      0.61   0.749805   0.255379   0.380994
      0.62   0.743365   0.254138    0.37878
      0.63   0.737419   0.253691    0.37751
      0.64    0.72836    0.25242   0.374911
      0.65   0.724397   0.251899   0.373811
      0.66   0.715337   0.250748   0.371333
      0.67   0.710241   0.249714   0.369512
      0.68   0.699625   0.248326   0.366548
      0.69   0.691769   0.247414   0.364473
       0.7   0.678675   0.245941   0.361045
      0.71   0.667068   0.245253   0.358646
      0.72   0.658291   0.244582   0.356653
      0.73   0.645835   0.242349   0.352443
      0.74   0.634794   0.241834   0.350239
      0.75   0.621912   0.240411   0.346771
      0.76   0.614481   0.239488   0.344651
      0.77   0.598132   0.238107   0.340619
      0.78   0.593531    0.23734   0.339086
      0.79   0.581994   0.236353    0.33618
       0.8   0.576757   0.236356   0.335304
      0.81   0.564371   0.235856   0.332681
      0.82   0.557789   0.234689   0.330374
      0.83   0.552622   0.235496   0.330256
      0.84   0.542147    0.23392   0.326825
      0.85   0.535424   0.233951   0.325623
      0.86   0.525019   0.232521   0.322301
      0.87   0.521056   0.232043   0.321092
      0.88   0.510723   0.229772    0.31695
      0.89   0.496213    0.22762   0.312083
       0.9   0.483544   0.226413   0.308415
      0.91   0.475759   0.225984   0.306419
      0.92   0.466841   0.225622   0.304217
      0.93   0.457145   0.224874   0.301458
      0.94   0.447095   0.223132   0.297694
      0.95   0.437469   0.221383    0.29399
      0.96   0.430958   0.219681   0.291017
      0.97   0.416307   0.217449    0.28568
      0.98   0.411777   0.216771   0.284024
      0.99   0.403638   0.213583   0.279349
