         0          1   0.384732   0.555677
      0.01          1   0.365251   0.535068
      0.02          1   0.365854   0.535715
      0.03          1   0.367105   0.537055
      0.04          1    0.36858   0.538632
      0.05          1   0.368932   0.539007
      0.06   0.999885   0.369911   0.540035
      0.07   0.999885   0.370623   0.540793
      0.08   0.999255   0.372412   0.542601
      0.09   0.999198   0.374294   0.544588
       0.1   0.999083   0.377331   0.547778
      0.11   0.998969   0.380973   0.551588
      0.12   0.998969   0.383679   0.554419
      0.13   0.997422   0.387303   0.557952
      0.14    0.99599   0.389189    0.55968
      0.15   0.984991    0.39192    0.56073
      0.16   0.972388   0.393922     0.5607
      0.17   0.948728   0.397483   0.560244
      0.18   0.934349   0.400998   0.561161
      0.19   0.921918   0.405432    0.56319
       0.2   0.916762   0.409486    0.56611
      0.21   0.912408   0.414744   0.570267
      0.22   0.908513   0.420653    0.57505
      0.23   0.905534   0.424185   0.577737
      0.24   0.901753   0.429057   0.581456
      0.25   0.900206   0.433119   0.584849
      0.26   0.895165   0.439069   0.589161
      0.27   0.892759   0.442559   0.591767
      0.28   0.888921   0.448558   0.596245
      0.29   0.885885   0.452626   0.599135
       0.3   0.879698   0.456358   0.600959
      0.31   0.873453   0.461951     0.6043
      0.32   0.866522   0.465666   0.605785
      0.33   0.859361   0.471397   0.608826
      0.34   0.853747   0.475451   0.610767
      0.35   0.845555   0.480295   0.612612
      0.36   0.842003   0.484307   0.614921
      0.37   0.833639   0.489202   0.616579
      0.38   0.831004   0.493269    0.61907
      0.39   0.823957   0.497698   0.620558
       0.4   0.820176   0.502166   0.622932
      0.41   0.810438   0.506714   0.623558
      0.42   0.800871   0.510464   0.623511
      0.43   0.796116   0.514875   0.625329
      0.44     0.7783   0.518698   0.622518
      0.45   0.771368   0.521285   0.622135
      0.46   0.758364   0.524135    0.61986
      0.47   0.753151   0.526835   0.619985
      0.48   0.748052   0.529515   0.620092
      0.49   0.738142    0.53206   0.618383
       0.5    0.73058   0.535453    0.61798
      0.51   0.722388    0.53699   0.616042
      0.52   0.714368   0.539058   0.614453
      0.53   0.706233   0.541198   0.612799
      0.54   0.698213   0.541587   0.610007
      0.55   0.689734   0.543529   0.607965
      0.56    0.68011   0.545704   0.605538
      0.57   0.668481   0.546513   0.601375
      0.58   0.665273   0.548326   0.601164
      0.59   0.646024   0.550362   0.594369
       0.6    0.64041   0.550689   0.592171
      0.61   0.627062    0.55082   0.586474
      0.62   0.616006   0.551459   0.581948
      0.63   0.604606   0.551263   0.576704
      0.64   0.590284   0.552135   0.570573
      0.65   0.580431   0.551615   0.565656
      0.66   0.559808   0.551752   0.555751
      0.67   0.552589   0.550637   0.551612
      0.68   0.540044    0.54817   0.544076
      0.69   0.530477   0.547223    0.53872
       0.7   0.517186   0.545737   0.531078
      0.71   0.503323   0.544872   0.523274
      0.72   0.495646   0.543883   0.518646
      0.73   0.485163   0.542574   0.512265
      0.74   0.479663   0.540934   0.508459
      0.75    0.47107   0.539199   0.502838
      0.76   0.465399   0.537921   0.499039
      0.77   0.454342   0.536121   0.491856
      0.78   0.447869   0.534775   0.487479
      0.79   0.440593   0.532828   0.482341
       0.8    0.43475   0.530913   0.478044
      0.81   0.422147   0.529497   0.469767
      0.82   0.411033    0.52716    0.46191
      0.83   0.408799   0.525288    0.45978
      0.84   0.401638   0.523602   0.454582
      0.85   0.398316   0.522644   0.452088
      0.86   0.391384   0.519807   0.446546
      0.87   0.388749    0.51875   0.444438
      0.88   0.376833   0.517001   0.435927
      0.89   0.370188   0.515195   0.430817
       0.9   0.361423   0.513104    0.42411
      0.91   0.352715   0.510119    0.41706
      0.92   0.350768   0.508931     0.4153
      0.93   0.343492    0.50775   0.409773
      0.94   0.337935   0.505343   0.405022
      0.95   0.331347   0.503685   0.399732
      0.96   0.326192   0.501956   0.395422
      0.97   0.320577   0.496667   0.389651
      0.98   0.314219    0.49527   0.384497
      0.99   0.303105   0.490683   0.374731
