         0          1   0.289124   0.448559
      0.01   0.998351     0.2483    0.39769
      0.02   0.995491   0.249688   0.399239
      0.03   0.992872   0.253796   0.404256
      0.04   0.991563   0.260424   0.412508
      0.05   0.991175   0.264443   0.417499
      0.06     0.9904   0.269901     0.4242
      0.07   0.990157   0.273764   0.428935
      0.08   0.990157   0.279024   0.435364
      0.09   0.990157   0.282635   0.439747
       0.1   0.990157   0.288701   0.447054
      0.11   0.989769   0.294367   0.453776
      0.12   0.989769   0.298249   0.458375
      0.13   0.989284   0.303912   0.464981
      0.14   0.989284   0.307382   0.469031
      0.15   0.988896   0.312695   0.475146
      0.16   0.988363   0.316011   0.478901
      0.17   0.987636   0.321625   0.485233
      0.18   0.987442   0.324296   0.488243
      0.19   0.987102   0.328736   0.493216
       0.2   0.987054    0.33216   0.497054
      0.21   0.986375   0.335972   0.501221
      0.22   0.985163   0.341401   0.507078
      0.23   0.983999   0.343886   0.509657
      0.24   0.982205   0.349219   0.515245
      0.25   0.980848   0.352225    0.51832
      0.26   0.979151   0.356385   0.522568
      0.27   0.978229   0.359312   0.525575
      0.28   0.977163   0.364247   0.530678
      0.29   0.976096   0.367116   0.533557
       0.3   0.974787   0.371139   0.537595
      0.31    0.97372   0.375469   0.541958
      0.32   0.971926   0.378786   0.545123
      0.33   0.969889   0.383384   0.549542
      0.34   0.968095   0.386383   0.552324
      0.35   0.965332    0.39054   0.556101
      0.36   0.964119   0.393195   0.558584
      0.37   0.961792    0.39749   0.562507
      0.38    0.95995   0.399707   0.564405
      0.39   0.955295   0.403043   0.566906
       0.4    0.95321   0.405783    0.56924
      0.41   0.949767   0.409308   0.572077
      0.42   0.947488   0.413105   0.575355
      0.43   0.945694   0.415719   0.577551
      0.44   0.942737   0.420491   0.581579
      0.45   0.941767   0.422741   0.583542
      0.46   0.939682   0.426945   0.587128
      0.47   0.935851   0.429507    0.58879
      0.48   0.932215   0.433163   0.591486
      0.49   0.929888   0.435527   0.593213
       0.5   0.926009   0.439498   0.596085
      0.51   0.924796   0.442992   0.599036
      0.52    0.92339   0.445991   0.601474
      0.53   0.920529   0.449525   0.604065
      0.54    0.91956   0.452484    0.60652
      0.55   0.916311   0.456621   0.609509
      0.56   0.915632   0.459023   0.611493
      0.57   0.914663   0.462806   0.614623
      0.58   0.913111   0.465482   0.616624
      0.59   0.911268   0.469043   0.619315
       0.6   0.910638   0.470991   0.620865
      0.61   0.906129   0.475196   0.623443
      0.62   0.904965   0.478001   0.625574
      0.63   0.904092   0.480447   0.627455
      0.64   0.900795   0.483153   0.628957
      0.65   0.899098   0.485577    0.63059
      0.66    0.89774   0.488799   0.632964
      0.67   0.895607   0.491052   0.634315
      0.68   0.891292   0.493985   0.635663
      0.69   0.890952   0.495771   0.637053
       0.7    0.88911   0.497391   0.637916
      0.71    0.88717    0.49995   0.639513
      0.72   0.885764   0.501559    0.64046
      0.73   0.882273   0.503363    0.64101
      0.74   0.881109   0.505091   0.642101
      0.75   0.878879   0.507771   0.643665
      0.76   0.877812   0.509618    0.64486
      0.77   0.876503   0.512405   0.646731
      0.78   0.874855   0.513209    0.64692
      0.79   0.872139    0.51524   0.647784
       0.8   0.869182   0.514963   0.646748
      0.81   0.867533   0.516834   0.647763
      0.82    0.86283   0.517857   0.647247
      0.83   0.861327   0.518935   0.647663
      0.84   0.859242   0.519596   0.647586
      0.85   0.858902   0.520988    0.64857
      0.86   0.858029   0.523308   0.650115
      0.87   0.857448    0.52477   0.651074
      0.88   0.853375   0.526949   0.651564
      0.89   0.850417    0.52825   0.651692
       0.9   0.846587    0.53045    0.65223
      0.91   0.835144   0.532338   0.650215
      0.92   0.832283   0.533937   0.650534
      0.93   0.829713   0.535802   0.651127
      0.94   0.827434   0.536883    0.65122
      0.95   0.825882   0.538847    0.65218
      0.96   0.824864   0.539228   0.652141
      0.97   0.820597   0.540444   0.651688
      0.98   0.818706   0.541453   0.651822
      0.99   0.817979   0.543591   0.653137
