         0          1   0.108911   0.196429
      0.01          1   0.122221    0.21782
      0.02          1   0.122231   0.217836
      0.03          1   0.122354   0.218032
      0.04          1   0.122831   0.218789
      0.05          1    0.12349   0.219833
      0.06          1   0.125202   0.222542
      0.07          1   0.126788   0.225043
      0.08          1   0.129473   0.229262
      0.09          1   0.131633   0.232643
       0.1          1    0.13502   0.237917
      0.11          1     0.1388   0.243765
      0.12          1     0.1416   0.248072
      0.13          1   0.145564   0.254135
      0.14          1   0.148588   0.258732
      0.15   0.999866   0.152954   0.265321
      0.16   0.999866   0.155728   0.269484
      0.17   0.999464   0.159682   0.275369
      0.18   0.999464   0.162635   0.279749
      0.19   0.999464   0.167222   0.286507
       0.2   0.999464   0.170006   0.290585
      0.21   0.999061   0.174647   0.297319
      0.22   0.997183   0.178499   0.302796
      0.23   0.996513   0.181495   0.307065
      0.24   0.993026   0.185533   0.312651
      0.25   0.992758   0.188862   0.317352
      0.26   0.992758   0.192227   0.322089
      0.27   0.992087   0.194478   0.325206
      0.28   0.991282   0.197128   0.328858
      0.29   0.991282   0.199755   0.332506
       0.3    0.98927   0.203837   0.338025
      0.31   0.985113   0.207663   0.343018
      0.32   0.983369   0.209262   0.345089
      0.33   0.980418   0.211749   0.348278
      0.34    0.98015   0.213189   0.350205
      0.35    0.97559   0.216123   0.353856
      0.36   0.973981   0.217382   0.355435
      0.37   0.972505   0.219645   0.358354
      0.38   0.970359   0.222222   0.361628
      0.39   0.968348   0.224972   0.365118
       0.4   0.966068   0.226072   0.366401
      0.41   0.964995   0.228788   0.369881
      0.42   0.964324   0.230703   0.372331
      0.43   0.964324   0.232971   0.375279
      0.44   0.962849   0.236131   0.379253
      0.45    0.96258   0.237773   0.381347
      0.46   0.960032       0.24   0.384003
      0.47   0.959362    0.24077   0.384933
      0.48   0.952924   0.242501   0.386616
      0.49   0.951851   0.243173   0.387381
       0.5   0.950376   0.245787   0.390566
      0.51   0.942999   0.245874   0.390049
      0.52   0.940182   0.247539   0.391897
      0.53   0.936964   0.248599   0.392941
      0.54   0.934013   0.248956   0.393127
      0.55   0.930123   0.251537   0.395986
      0.56   0.925027   0.251913   0.395987
      0.57   0.918053   0.252329   0.395856
      0.58   0.912956   0.253099   0.396325
      0.59   0.911212   0.254372   0.397717
       0.6   0.902092   0.253725   0.396055
      0.61   0.899276   0.254668   0.396929
      0.62   0.896057   0.258122   0.400791
      0.63   0.880097   0.257849   0.398845
      0.64   0.869233   0.258034   0.397939
      0.65   0.864405   0.258893   0.398449
      0.66   0.855821   0.258887   0.397523
      0.67   0.847103   0.258497   0.396117
      0.68   0.831545   0.258187   0.394031
      0.69   0.828192   0.257804   0.393208
       0.7   0.820815   0.257867   0.392444
      0.71   0.809147   0.256926   0.390013
      0.72    0.80794   0.257804   0.390882
      0.73   0.799759   0.257502   0.389572
      0.74   0.790504   0.255828   0.386556
      0.75   0.785274   0.256003   0.386127
      0.76   0.775617   0.255583   0.384474
      0.77   0.768777   0.254457   0.382357
      0.78   0.754694   0.252881   0.378826
      0.79   0.737393   0.251116   0.374647
       0.8    0.73404    0.25239   0.375625
      0.81   0.710837   0.250117   0.370033
      0.82   0.698498   0.245902   0.363748
      0.83   0.690317   0.243735   0.360267
      0.84   0.683745   0.242767   0.358313
      0.85   0.680392   0.243084   0.358195
      0.86   0.670601   0.244107   0.357925
      0.87   0.668857   0.243948   0.357505
      0.88   0.663895   0.244062   0.356915
      0.89   0.652092   0.242021    0.35302
       0.9   0.633986    0.23861   0.346725
      0.91   0.619099   0.236888   0.342662
      0.92   0.600322   0.233659   0.336388
      0.93   0.580338   0.232262   0.331751
      0.94   0.570681    0.22918   0.327028
      0.95    0.54198   0.226224   0.319209
      0.96   0.524678   0.225176   0.315115
      0.97   0.516765   0.225237   0.313731
      0.98   0.506438   0.224686   0.311272
      0.99   0.494903   0.222898   0.307363
