         0          1   0.354609   0.523559
      0.01   0.999517   0.316336   0.480576
      0.02   0.999517   0.316497   0.480761
      0.03   0.999517   0.317176   0.481544
      0.04   0.999517   0.318913   0.483543
      0.05   0.999517   0.319901   0.484678
      0.06   0.999517   0.321729   0.486774
      0.07   0.999477   0.322856   0.488058
      0.08   0.999437   0.324264    0.48966
      0.09   0.999437   0.325263   0.490797
       0.1   0.999396   0.326415   0.492103
      0.11   0.999276   0.327625   0.493462
      0.12   0.999115   0.328728   0.494693
      0.13   0.999115   0.330679   0.496899
      0.14   0.998994   0.332319   0.498732
      0.15   0.998591   0.334568    0.50121
      0.16   0.998471    0.33611   0.502923
      0.17   0.997183   0.338398   0.505315
      0.18   0.997102   0.339995   0.507083
      0.19   0.996659   0.342474   0.509778
       0.2   0.996337   0.344251   0.511701
      0.21   0.996056    0.34676    0.51443
      0.22   0.994446    0.34919   0.516881
      0.23   0.993842   0.350627   0.518373
      0.24   0.993238   0.353569   0.521497
      0.25   0.993077   0.355188   0.523234
      0.26   0.992111   0.357814   0.525942
      0.27   0.990743   0.359496   0.527563
      0.28   0.989857   0.362065   0.530198
      0.29   0.989294   0.363321   0.531461
       0.3   0.987603   0.364918   0.532922
      0.31   0.986798   0.367157   0.535187
      0.32   0.985269   0.368548   0.536437
      0.33   0.982491   0.370102   0.537667
      0.34   0.981807    0.37172   0.539268
      0.35   0.979996   0.374328   0.541731
      0.36   0.977662   0.375588   0.542691
      0.37   0.975408   0.378287   0.545151
      0.38     0.9742   0.379474   0.546193
      0.39   0.973476   0.381342    0.54801
       0.4   0.972671   0.382573   0.549153
      0.41   0.971342   0.384359   0.550777
      0.42   0.970618   0.386286   0.552634
      0.43   0.967237    0.38708   0.552895
      0.44   0.965184   0.388864   0.554375
      0.45   0.964178   0.390053   0.555415
      0.46   0.963655   0.391706   0.557002
      0.47   0.963051   0.393199   0.558409
      0.48   0.962085   0.395189   0.560248
      0.49   0.958342    0.39657   0.560995
       0.5   0.955645   0.398588   0.562545
      0.51   0.952868   0.400613   0.564074
      0.52   0.952103   0.401659   0.564974
      0.53    0.94997   0.404153   0.567058
      0.54   0.948038   0.405455   0.567992
      0.55   0.944456   0.406975   0.568834
      0.56   0.943771   0.408872   0.570559
      0.57      0.942   0.411586   0.572869
      0.58   0.939143   0.413506   0.574193
      0.59   0.937935   0.415661   0.576041
       0.6   0.935923    0.41684    0.57679
      0.61   0.934111   0.419942   0.579405
      0.62   0.930449   0.421994   0.580644
      0.63   0.927511   0.422749   0.580783
      0.64   0.925136   0.424683   0.582136
      0.65   0.922439   0.425733   0.582586
      0.66   0.917609    0.42704   0.582838
      0.67   0.916522   0.428278   0.583769
      0.68    0.91129   0.430907   0.585132
      0.69   0.909318   0.432343   0.586046
       0.7   0.905655   0.434903   0.587624
      0.71   0.901711   0.436239   0.588006
      0.72   0.899054   0.437153   0.588269
      0.73   0.893459   0.438868    0.58861
      0.74   0.890763     0.4404   0.589398
      0.75    0.88549   0.442463   0.590076
      0.76   0.879332   0.443962   0.590027
      0.77   0.871845   0.445218   0.589435
      0.78   0.868746   0.446665   0.589988
      0.79   0.865567   0.449865   0.592031
       0.8   0.863594   0.451223   0.592742
      0.81   0.862025   0.453236   0.594104
      0.82    0.85647   0.455787   0.594956
      0.83   0.855343   0.456721   0.595479
      0.84   0.851761   0.459395    0.59687
      0.85   0.846408   0.460583   0.596548
      0.86   0.842141   0.462405   0.597005
      0.87   0.840048    0.46358   0.597455
      0.88   0.835822   0.464745   0.597346
      0.89   0.833769    0.46593   0.597797
       0.9   0.830268   0.467261   0.597985
      0.91   0.827088    0.46997   0.599367
      0.92   0.823143   0.471305   0.599409
      0.93   0.819763   0.473522   0.600294
      0.94   0.817428   0.474967   0.600825
      0.95   0.815416   0.475822   0.600962
      0.96   0.810586    0.47724    0.60077
      0.97   0.806883   0.480514    0.60233
      0.98   0.804991   0.482481   0.603342
      0.99   0.801529   0.483679     0.6033
