         0          1   0.308236   0.471224
      0.01          1   0.283679   0.441978
      0.02          1   0.307751   0.470657
      0.03          1   0.332912   0.499525
      0.04          1   0.353967   0.522859
      0.05          1   0.359553   0.528928
      0.06    0.99995   0.365509   0.535338
      0.07   0.999799   0.368708   0.538739
      0.08   0.999447   0.372612   0.542842
      0.09   0.999396   0.375403   0.545791
       0.1   0.999095   0.379836   0.550415
      0.11   0.998642   0.383665   0.554354
      0.12   0.998541    0.38586   0.556626
      0.13   0.998541   0.388825   0.559705
      0.14    0.99834   0.391075      0.562
      0.15   0.997636   0.394328   0.565238
      0.16   0.996378   0.396521   0.567284
      0.17   0.995624   0.399886   0.570596
      0.18   0.995372   0.402204    0.57291
      0.19    0.99497   0.405201   0.575876
       0.2   0.994668   0.407291   0.577934
      0.21   0.994567   0.410493   0.581133
      0.22   0.993813   0.413179   0.583689
      0.23   0.993008   0.414642   0.585007
      0.24    0.99165   0.417081   0.587193
      0.25   0.991298   0.418618   0.588653
      0.26   0.990392   0.420953   0.590796
      0.27   0.990191   0.422362   0.592146
      0.28    0.98833   0.424766   0.594169
      0.29   0.987123   0.426428   0.595574
       0.3   0.984759   0.428114   0.596783
      0.31   0.982646   0.430146   0.598363
      0.32   0.981992   0.431606   0.599652
      0.33   0.979024   0.433713   0.601125
      0.34   0.978823   0.435367   0.602673
      0.35    0.97666   0.436446   0.603295
      0.36   0.976207   0.437849   0.604547
      0.37   0.974748   0.438466   0.604854
      0.38   0.973692   0.439087    0.60524
      0.39    0.97163    0.43984   0.605555
       0.4   0.970322   0.439708   0.605176
      0.41   0.966901   0.439587   0.604395
      0.42   0.963732     0.4404   0.604541
      0.43   0.960765   0.440325   0.603885
      0.44   0.958652   0.440555   0.603683
      0.45   0.957596   0.440483   0.603406
      0.46   0.954477   0.440316   0.602629
      0.47   0.953421   0.440806   0.602877
      0.48   0.947183   0.440711   0.601536
      0.49   0.943511    0.44033   0.600439
       0.5    0.93838   0.440002   0.599093
      0.51   0.930986   0.439421   0.597041
      0.52   0.922183   0.439623   0.595405
      0.53   0.920926   0.439843   0.595344
      0.54   0.917304   0.440309   0.595011
      0.55   0.912324   0.439997   0.593676
      0.56    0.91172   0.440464   0.593972
      0.57   0.903018   0.440955   0.592557
      0.58   0.898642   0.440795   0.591468
      0.59   0.897082   0.440458   0.590827
       0.6   0.895976   0.440333   0.590474
      0.61   0.891549   0.439657   0.588904
      0.62   0.885262   0.439254   0.587165
      0.63   0.883099   0.438197   0.585745
      0.64   0.879225    0.43829   0.584973
      0.65   0.876911   0.437941    0.58415
      0.66   0.868109   0.436906   0.581268
      0.67   0.865744   0.436337   0.580235
      0.68   0.859004   0.436004    0.57842
      0.69   0.854628   0.434843   0.576406
       0.7   0.848944   0.433806   0.574199
      0.71   0.841952   0.432114   0.571115
      0.72   0.837928   0.431217   0.569405
      0.73    0.82837   0.429356   0.565569
      0.74    0.82334   0.428906   0.564003
      0.75   0.814034   0.427307    0.56043
      0.76   0.812374    0.42667   0.559489
      0.77   0.807797   0.426285    0.55807
      0.78   0.806137   0.426092   0.557508
      0.79   0.799899   0.424415   0.554579
       0.8   0.797183    0.42282   0.552565
      0.81   0.793913   0.421035   0.550254
      0.82   0.787425   0.419162   0.547095
      0.83   0.784004   0.418543    0.54574
      0.84   0.776107   0.416623   0.542192
      0.85   0.769869   0.416476   0.540538
      0.86    0.76333   0.414658   0.537392
      0.87    0.76001   0.413162   0.535314
      0.88   0.751308   0.411877   0.532067
      0.89   0.747485   0.410449   0.529917
       0.9   0.741901   0.408762   0.527106
      0.91    0.73662   0.407815   0.524984
      0.92   0.733451   0.407013   0.523513
      0.93   0.725201   0.406045   0.520602
      0.94   0.720171   0.405088   0.518516
      0.95   0.712877   0.404094   0.515805
      0.96   0.711821   0.403354   0.514925
      0.97   0.702515   0.402807   0.512028
      0.98   0.690996   0.400859   0.507378
      0.99    0.68501   0.400685   0.505617
