         0          1   0.363236   0.532903
      0.01          1   0.349591   0.518069
      0.02          1   0.349591   0.518069
      0.03          1   0.349591   0.518069
      0.04          1   0.349598   0.518077
      0.05          1   0.349605   0.518085
      0.06          1   0.349614   0.518094
      0.07          1   0.349616   0.518097
      0.08          1     0.3496   0.518079
      0.09          1   0.349607   0.518087
       0.1          1   0.349659   0.518145
      0.11          1   0.349545    0.51802
      0.12          1   0.349591   0.518069
      0.13          1   0.349709   0.518199
      0.14          1   0.349766   0.518262
      0.15          1   0.349941   0.518454
      0.16          1   0.350079   0.518606
      0.17          1   0.349957   0.518472
      0.18          1   0.349951   0.518464
      0.19          1   0.349626   0.518108
       0.2          1   0.349602   0.518081
      0.21          1   0.349787   0.518284
      0.22          1   0.349885   0.518393
      0.23          1   0.349835   0.518337
      0.24          1   0.349875   0.518381
      0.25          1    0.34997   0.518486
      0.26          1   0.350161   0.518695
      0.27          1   0.349827   0.518328
      0.28          1   0.349988   0.518505
      0.29   0.999526   0.349985   0.518439
       0.3   0.999397   0.349622   0.518022
      0.31   0.999096   0.349624   0.517984
      0.32   0.998235   0.349214   0.517419
      0.33    0.99789   0.348978   0.517113
      0.34   0.997589   0.348579   0.516635
      0.35   0.996556   0.348181   0.516059
      0.36   0.994618   0.347527    0.51508
      0.37   0.994231   0.347513   0.515014
      0.38   0.993369   0.346486    0.51377
      0.39   0.992595    0.34529    0.51235
       0.4   0.991518   0.345138    0.51204
      0.41   0.987428   0.344919   0.511252
      0.42   0.982821   0.344758   0.510456
      0.43   0.978731   0.343847   0.508906
      0.44   0.974813   0.343079   0.507534
      0.45   0.972703   0.342696    0.50683
      0.46   0.966159   0.342038   0.505219
      0.47   0.962886   0.341973     0.5047
      0.48   0.947688   0.342149   0.502777
      0.49   0.944157   0.342373   0.502521
       0.5   0.932619     0.3418   0.500258
      0.51   0.924653   0.341737   0.499037
      0.52   0.918109   0.341561   0.497892
      0.53   0.900499   0.342075   0.495807
      0.54    0.89318   0.342201   0.494822
      0.55   0.883407   0.342609   0.493735
      0.56   0.874666   0.343217   0.492987
      0.57   0.863214   0.344855   0.492826
      0.58   0.852923   0.345222   0.491506
      0.59   0.838629   0.346772   0.490658
       0.6   0.831094   0.347097   0.489683
      0.61   0.814518   0.347932   0.487585
      0.62   0.793981   0.348071   0.483974
      0.63   0.780031   0.348343   0.481611
      0.64   0.762464   0.348077   0.477958
      0.65   0.744812   0.349075    0.47536
      0.66   0.736115   0.351339   0.475654
      0.67   0.725308   0.352405   0.474342
      0.68   0.718807   0.355826   0.476014
      0.69   0.709119   0.358357   0.476109
       0.7   0.700508   0.359893   0.475496
      0.71   0.684492     0.3611   0.472785
      0.72   0.678679   0.363984   0.473841
      0.73   0.662232   0.365575   0.471091
      0.74   0.655903   0.368123   0.471576
      0.75   0.642771    0.36989   0.469564
      0.76   0.630759   0.370839   0.467073
      0.77   0.625248   0.374613   0.468517
      0.78   0.622793      0.377   0.469683
      0.79    0.60682   0.378767   0.466409
       0.8   0.602816   0.380164   0.466273
      0.81   0.589641   0.383035   0.464395
      0.82    0.58512   0.386544   0.465541
      0.83   0.575863   0.389033   0.464361
      0.84   0.564281    0.39101   0.461932
      0.85    0.56187   0.394471    0.46352
      0.86   0.553733   0.397845    0.46302
      0.87     0.5434   0.400809   0.461337
      0.88    0.53763   0.405042   0.462012
      0.89   0.532033   0.406384   0.460797
       0.9   0.523336   0.407903   0.458465
      0.91   0.517825   0.411656   0.458677
      0.92   0.509989   0.413565   0.456743
      0.93   0.499828   0.415686    0.45389
      0.94     0.4969   0.418531   0.454361
      0.95    0.48816    0.42148   0.452376
      0.96   0.486265    0.42384   0.452912
      0.97   0.480324   0.424559   0.450723
      0.98   0.476449   0.426719   0.450215
      0.99    0.47167   0.431296    0.45058
