         0          1   0.164811   0.282983
      0.01          1   0.152612   0.264811
      0.02          1   0.152698    0.26494
      0.03          1   0.152973   0.265354
      0.04          1   0.153586   0.266275
      0.05          1   0.154026   0.266937
      0.06          1   0.154212   0.267216
      0.07   0.999905   0.154585   0.267772
      0.08   0.999809   0.155035   0.268443
      0.09   0.999238   0.155372   0.268928
       0.1   0.999143   0.155841   0.269627
      0.11   0.999047    0.15641   0.270474
      0.12   0.999047   0.156987   0.271337
      0.13   0.999047    0.15807   0.272954
      0.14   0.999047   0.158925   0.274227
      0.15   0.999047   0.160372   0.276378
      0.16   0.999047   0.161451   0.277979
      0.17   0.999047   0.163524   0.281047
      0.18   0.998857   0.164802   0.282924
      0.19    0.99838   0.167025   0.286175
       0.2   0.997999   0.168375   0.288138
      0.21   0.997428   0.170737   0.291565
      0.22   0.996666   0.173814   0.296005
      0.23   0.996666    0.17497    0.29768
      0.24   0.996475   0.177091   0.300735
      0.25   0.995523   0.178914   0.303316
      0.26    0.99476   0.181942    0.30762
      0.27   0.992093   0.183313   0.309448
      0.28   0.991426   0.185622   0.312698
      0.29    0.99114   0.186702   0.314215
       0.3   0.989711   0.189958   0.318739
      0.31   0.985805   0.191696   0.320977
      0.32   0.985139   0.194246   0.324507
      0.33   0.982948   0.197028   0.328257
      0.34   0.980566   0.198147   0.329675
      0.35   0.976851   0.201297   0.333808
      0.36   0.973135   0.203434   0.336518
      0.37   0.970849   0.205426     0.3391
      0.38   0.967038   0.207026   0.341041
      0.39   0.959417   0.209686   0.344155
       0.4   0.956368   0.211147   0.345922
      0.41   0.949414   0.214527   0.349975
      0.42   0.946651   0.217385   0.353576
      0.43    0.94446   0.219245   0.355877
      0.44   0.936553   0.220745    0.35728
      0.45   0.922359   0.222382   0.358362
      0.46   0.914547   0.223981   0.359836
      0.47   0.909117   0.226231   0.362304
      0.48   0.902258   0.227952   0.363952
      0.49   0.901019   0.229329   0.365603
       0.5   0.891493   0.231709   0.367817
      0.51   0.881776   0.234029   0.369887
      0.52   0.869963   0.234875   0.369887
      0.53   0.856816   0.235864   0.369901
      0.54   0.842812    0.23606   0.368819
      0.55   0.835286   0.237799   0.370205
      0.56   0.829285   0.238251   0.370157
      0.57   0.813661    0.23965    0.37025
      0.58   0.805182   0.240811   0.370742
      0.59   0.785081   0.240411   0.368101
       0.6   0.781366   0.241593   0.369071
      0.61   0.778508   0.243726   0.371232
      0.62   0.769458   0.244891   0.371536
      0.63    0.76136   0.245182   0.370917
      0.64   0.745927   0.245828   0.369788
      0.65   0.740878   0.245313   0.368584
      0.66   0.721063    0.24483   0.365543
      0.67   0.715252   0.245376   0.365397
      0.68   0.699628    0.24427   0.362112
      0.69   0.695437   0.244894    0.36223
       0.7   0.688292   0.245122   0.361502
      0.71   0.679527   0.244002    0.35907
      0.72   0.663904   0.241879   0.354576
      0.73   0.652948   0.241098   0.352162
      0.74   0.645994   0.242122   0.352228
      0.75   0.631323   0.241322   0.349173
      0.76   0.623702   0.240242   0.346873
      0.77     0.5996   0.237774   0.340516
      0.78   0.588549   0.236869    0.33779
      0.79   0.565209   0.235834   0.332805
       0.8    0.55997   0.235357   0.331418
      0.81   0.551681   0.234588   0.329195
      0.82   0.530818   0.230964   0.321876
      0.83   0.520911   0.228596   0.317751
      0.84    0.50986   0.225307   0.312514
      0.85   0.507669   0.223836   0.310687
      0.86   0.502048   0.220085    0.30602
      0.87   0.496332   0.218595   0.303515
      0.88    0.48128   0.213967   0.296234
      0.89   0.470706   0.213221   0.293494
       0.9   0.459655   0.207685   0.286101
      0.91   0.455082    0.20331   0.281056
      0.92   0.448795   0.200275   0.276957
      0.93   0.443936   0.198382   0.274222
      0.94   0.442603   0.197153   0.272793
      0.95   0.435172    0.19077   0.265257
      0.96   0.433743   0.189915   0.264165
      0.97   0.422692   0.189139   0.261338
      0.98   0.416881   0.186788   0.257984
      0.99   0.403449   0.183411   0.252179
