         0          1   0.317058   0.481463
      0.01   0.999657   0.294459   0.454918
      0.02   0.999657   0.294436   0.454891
      0.03   0.999657   0.294466   0.454926
      0.04   0.999657   0.294826   0.455355
      0.05   0.999608   0.295296   0.455911
      0.06   0.999021   0.296448   0.457221
      0.07   0.998678   0.297136   0.458003
      0.08   0.997944   0.298339   0.459353
      0.09   0.997406   0.299754    0.46097
       0.1   0.997014   0.301771    0.46331
      0.11   0.996671   0.304111   0.466025
      0.12   0.996427   0.305666   0.467822
      0.13   0.995839   0.308159    0.47067
      0.14   0.995839   0.310161   0.473002
      0.15   0.995399   0.312658    0.47585
      0.16   0.995007    0.31406   0.477427
      0.17   0.994567   0.316469   0.480154
      0.18   0.993979   0.318264   0.482148
      0.19   0.993049   0.320342   0.484418
       0.2   0.992657    0.32197   0.486231
      0.21   0.991189   0.324322   0.488729
      0.22   0.990308   0.326282   0.490844
      0.23   0.989574   0.326904   0.491457
      0.24    0.98835   0.328941   0.493602
      0.25   0.987665   0.330133   0.494858
      0.26   0.985266   0.331822   0.496449
      0.27   0.983798    0.33254   0.497064
      0.28   0.980958   0.334266   0.498624
      0.29   0.978854   0.335369   0.499576
       0.3   0.975868   0.336406   0.500335
      0.31   0.972294   0.336738   0.500229
      0.32   0.969455   0.337949   0.501186
      0.33   0.966176   0.339268   0.502193
      0.34   0.961868   0.339895   0.502294
      0.35    0.95619   0.340385    0.50205
      0.36   0.953595   0.341162   0.502535
      0.37   0.949386    0.34328   0.504237
      0.38   0.946596   0.344632   0.505297
      0.39   0.943659   0.345424   0.505727
       0.4   0.941652   0.345972   0.506025
      0.41   0.937931   0.347767     0.5074
      0.42   0.933379   0.349161   0.508209
      0.43   0.931274   0.349619   0.508381
      0.44   0.926624   0.350712   0.508837
      0.45   0.923589    0.35123   0.508922
      0.46   0.918694   0.352877   0.509898
      0.47   0.915708    0.35371   0.510305
      0.48   0.908463   0.354392   0.509879
      0.49   0.904107   0.354943    0.50976
       0.5   0.900925   0.355538   0.509864
      0.51    0.89417    0.35627   0.509526
      0.52   0.890744   0.357708   0.510434
      0.53   0.886583   0.359214   0.511276
      0.54   0.884429   0.359755   0.511464
      0.55   0.878408   0.360014   0.510713
      0.56   0.874492    0.36095   0.510988
      0.57   0.869695   0.360498   0.509714
      0.58   0.866464   0.361318   0.509975
      0.59   0.861569   0.360682   0.508492
       0.6   0.859024   0.361533   0.508892
      0.61   0.855353   0.361205   0.507921
      0.62   0.851975    0.36206   0.508166
      0.63   0.847374   0.362016   0.507302
      0.64   0.840863   0.362013   0.506126
      0.65   0.836752     0.3631   0.506436
      0.66   0.830976   0.362739   0.505024
      0.67   0.828724   0.363144   0.504999
      0.68    0.82422   0.364856   0.505807
      0.69   0.821039    0.36614   0.506436
       0.7   0.814724   0.368397   0.507374
      0.71    0.80934   0.369561   0.507423
      0.72   0.804592   0.369503   0.506431
      0.73   0.801018   0.372719   0.508725
      0.74   0.798228   0.373333   0.508732
      0.75   0.794214   0.373606   0.508166
      0.76   0.790739   0.373896    0.50772
      0.77   0.787116   0.375426   0.508375
      0.78   0.786382   0.376851   0.509526
      0.79   0.782417   0.379492   0.511092
       0.8   0.778207   0.381072   0.511616
      0.81   0.773117   0.382792   0.512052
      0.82   0.766019   0.383315   0.510951
      0.83   0.759802   0.385049    0.51109
      0.84    0.75711   0.387075   0.512257
      0.85   0.754858   0.386957   0.511637
      0.86   0.749474    0.38736   0.510745
      0.87   0.748152   0.388705   0.511604
      0.88   0.744726   0.390264   0.512145
      0.89   0.737726   0.391023   0.511129
       0.9   0.731705   0.392919   0.511284
      0.91   0.726516   0.394384   0.511243
      0.92    0.72402   0.394838   0.511004
      0.93   0.716873   0.396128   0.510285
      0.94   0.713055   0.396763   0.509838
      0.95   0.708454   0.397694   0.509421
      0.96   0.707132   0.398507   0.509746
      0.97   0.702971   0.400304   0.510121
      0.98   0.697489    0.40014   0.508538
      0.99   0.691615   0.402853   0.509141
