         0          1    0.28722   0.446264
      0.01          1   0.273732    0.42981
      0.02   0.999949   0.274569   0.430838
      0.03   0.999592   0.276154   0.432753
      0.04   0.999285   0.280108   0.437564
      0.05   0.999285    0.28348   0.441667
      0.06   0.998877   0.288197    0.44733
      0.07   0.998366   0.291509   0.451257
      0.08    0.99755   0.295632   0.456097
      0.09   0.996682   0.298831   0.459802
       0.1   0.995814   0.303583   0.465312
      0.11   0.994027   0.307687   0.469918
      0.12   0.991373   0.310328    0.47269
      0.13   0.986217    0.31372   0.476017
      0.14   0.985655   0.315378   0.477857
      0.15    0.98346   0.319667     0.4825
      0.16   0.980959   0.321888   0.484722
      0.17   0.975752   0.324933   0.487519
      0.18   0.972893   0.326981   0.489459
      0.19   0.967992   0.329836    0.49202
       0.2    0.96401    0.33103   0.492829
      0.21   0.960386   0.333747   0.495352
      0.22   0.955843    0.33669   0.497972
      0.23   0.954822   0.338564   0.499879
      0.24   0.950329   0.339979   0.500798
      0.25   0.944152   0.341384   0.501454
      0.26   0.942723   0.343555   0.503589
      0.27   0.940783   0.345527   0.505424
      0.28   0.935117   0.347399   0.506596
      0.29   0.933279   0.348655   0.507659
       0.3   0.929859   0.350792   0.509408
      0.31   0.927715   0.352747   0.511141
      0.32    0.92557   0.354016   0.512144
      0.33   0.921538   0.354936   0.512485
      0.34   0.919342   0.356142   0.513399
      0.35   0.916484   0.356999   0.513841
      0.36   0.914697   0.357234   0.513802
      0.37   0.910766   0.357754   0.513717
      0.38   0.906631   0.357953   0.513262
      0.39    0.90464   0.358609   0.513615
       0.4   0.902956   0.359362   0.514115
      0.41   0.900761   0.360893   0.515321
      0.42   0.897442   0.362247   0.516152
      0.43   0.896166   0.363147   0.516853
      0.44   0.892542   0.364971   0.518089
      0.45   0.890602   0.365322   0.518115
      0.46   0.886007   0.366372   0.518387
      0.47     0.8832   0.366382   0.517915
      0.48   0.877431   0.367262   0.517794
      0.49   0.873603   0.368018   0.517874
       0.5   0.870284   0.368867   0.518128
      0.51   0.867987   0.369955    0.51879
      0.52   0.866098   0.370818     0.5193
      0.53   0.858798   0.370998   0.518155
      0.54   0.851805   0.371379   0.517244
      0.55   0.845679   0.372587   0.517274
      0.56   0.840472    0.37205    0.51578
      0.57   0.837511   0.372597   0.515745
      0.58   0.836847   0.372964   0.515972
      0.59   0.835214   0.374145   0.516788
       0.6   0.830058   0.374223   0.515871
      0.61   0.825412    0.37406   0.514816
      0.62   0.821992   0.374351   0.514423
      0.63   0.820205   0.375184   0.514858
      0.64    0.81704   0.374241   0.513346
      0.65   0.814743   0.374127   0.512785
      0.66   0.809434   0.373215   0.510875
      0.67    0.80387    0.37287   0.509439
      0.68   0.799632   0.373712   0.509369
      0.69   0.796161    0.37352   0.508484
       0.7   0.794834    0.37397    0.50863
      0.71   0.791669    0.37424   0.508229
      0.72   0.789372    0.37415   0.507672
      0.73   0.787432    0.37487   0.507931
      0.74   0.783501   0.374701   0.506956
      0.75   0.780081   0.374279   0.505853
      0.76   0.777273   0.373861    0.50488
      0.77   0.771504   0.374659    0.50438
      0.78   0.769258   0.375575   0.504727
      0.79   0.762673   0.375898   0.503592
       0.8   0.760427   0.376123   0.503302
      0.81   0.755986   0.377238   0.503319
      0.82   0.753178   0.379462   0.504666
      0.83   0.749809   0.379971   0.504356
      0.84   0.742815   0.380168   0.502936
      0.85   0.738374   0.381078   0.502707
      0.86   0.732554   0.380991   0.501276
      0.87   0.729134   0.381635   0.501028
      0.88   0.724437   0.380866   0.499254
      0.89    0.71923   0.380017   0.497285
       0.9   0.711011   0.378942   0.494392
      0.91   0.707234   0.378717   0.493285
      0.92   0.705294   0.379129   0.493161
      0.93   0.700393   0.378551    0.49147
      0.94   0.695799   0.378574   0.490354
      0.95   0.690336   0.378772   0.489155
      0.96    0.68661   0.378618   0.488089
      0.97   0.680331   0.378013   0.485993
      0.98   0.674869   0.378038   0.484613
      0.99   0.668181   0.378308   0.483098
