         0          1   0.273534   0.429567
      0.01          1   0.251648   0.402107
      0.02          1    0.25317   0.404047
      0.03   0.999903   0.254248   0.405411
      0.04   0.999806   0.256352   0.408073
      0.05   0.999758   0.258285   0.410514
      0.06   0.999758   0.261683   0.414794
      0.07   0.999758   0.264648   0.418512
      0.08    0.99971   0.269156   0.424123
      0.09   0.999225   0.271921   0.427505
       0.1    0.99816   0.277292   0.434013
      0.11   0.998112   0.282957   0.440917
      0.12   0.997918   0.286631   0.445345
      0.13    0.99758   0.291737   0.451449
      0.14    0.99758   0.294467   0.454712
      0.15   0.997337   0.298918   0.459975
      0.16   0.997289   0.302359   0.464032
      0.17   0.997047   0.306357     0.4687
      0.18   0.996902   0.308995   0.471765
      0.19   0.996902   0.313769   0.477308
       0.2   0.996805   0.316676   0.480653
      0.21   0.995643   0.321094   0.485587
      0.22   0.995546   0.324826    0.48983
      0.23   0.995546   0.327707   0.493099
      0.24   0.994239   0.330436   0.496019
      0.25   0.994142   0.332833   0.498703
      0.26   0.994046   0.336688   0.503006
      0.27   0.993707   0.338489   0.504969
      0.28   0.992739   0.341368    0.50804
      0.29    0.99269   0.344283   0.511253
       0.3   0.992496   0.347112   0.514341
      0.31   0.991916   0.349604   0.516993
      0.32   0.991189   0.351604   0.519076
      0.33   0.990947   0.354281   0.521954
      0.34   0.990512    0.35635   0.524135
      0.35   0.990124   0.358831   0.526759
      0.36   0.989834   0.360684   0.528711
      0.37   0.989108   0.363717   0.531858
      0.38   0.988527   0.365644   0.533831
      0.39   0.987946   0.368133   0.536393
       0.4   0.987801   0.369957   0.538305
      0.41   0.987559   0.372558   0.541017
      0.42    0.98601   0.374282   0.542598
      0.43   0.985429   0.375744   0.544044
      0.44   0.985332   0.377538   0.545908
      0.45   0.985041   0.379202   0.547599
      0.46   0.984557    0.38158       0.55
      0.47   0.983105   0.382748   0.550984
      0.48   0.982476    0.38485   0.553059
      0.49    0.98112   0.386184   0.554219
       0.5   0.980878    0.38836   0.556417
      0.51   0.980685   0.390041    0.55811
      0.52   0.980007   0.392066   0.560068
      0.53   0.979862   0.394247   0.562266
      0.54   0.979571   0.395703   0.563697
      0.55   0.978312   0.397028   0.564831
      0.56   0.977005    0.39795   0.565544
      0.57   0.976618   0.400025   0.567571
      0.58   0.975601   0.401305   0.568687
      0.59   0.975311   0.402577   0.569912
       0.6   0.975311   0.404332   0.571668
      0.61   0.974149   0.405822   0.572955
      0.62   0.973375      0.407   0.573995
      0.63   0.973278    0.40807    0.57504
      0.64   0.973278   0.410215   0.577167
      0.65   0.973278   0.411226   0.578167
      0.66   0.972745   0.412789   0.579616
      0.67   0.972164   0.414375   0.581073
      0.68   0.970906   0.416209   0.582648
      0.69   0.970325   0.417182   0.583495
       0.7   0.965677   0.418665   0.584097
      0.71   0.964758   0.420572   0.585782
      0.72   0.964758   0.421691   0.586866
      0.73   0.963838   0.424496   0.589405
      0.74   0.963741   0.424678   0.589562
      0.75   0.963402    0.42623   0.590992
      0.76   0.962531    0.42756   0.592104
      0.77   0.961756   0.429016   0.593353
      0.78   0.961514   0.429998   0.594244
      0.79   0.961175   0.431903   0.595996
       0.8   0.960207   0.432413   0.596295
      0.81   0.960014   0.432608   0.596443
      0.82   0.958029   0.433914   0.597298
      0.83   0.958029   0.435291   0.598601
      0.84   0.956867   0.435309   0.598391
      0.85    0.95585   0.435808   0.598663
      0.86    0.95556   0.436667   0.599416
      0.87   0.954882   0.437663    0.60022
      0.88   0.953188   0.438758   0.600913
      0.89   0.951784   0.439777   0.601587
       0.9   0.951251   0.439852   0.601551
      0.91   0.949654   0.440197   0.601553
      0.92   0.949509   0.440364   0.601681
      0.93   0.948395   0.440792   0.601855
      0.94   0.946556   0.440969   0.601649
      0.95   0.942877   0.441382   0.601288
      0.96    0.94186   0.441503   0.601193
      0.97   0.939343   0.441254   0.600449
      0.98   0.938036   0.441209   0.600139
      0.99   0.934453    0.44144   0.599617
