         0          1   0.279386    0.43675
      0.01   0.999167   0.259077   0.411464
      0.02     0.9989   0.264854   0.418693
      0.03   0.998382   0.271713    0.42717
      0.04   0.997676   0.279466   0.436626
      0.05   0.997073   0.283003   0.440872
      0.06   0.996056   0.287268   0.445928
      0.07   0.995377    0.28974   0.448831
      0.08   0.994082   0.293116   0.452737
      0.09   0.993238   0.295209   0.455141
       0.1   0.991828    0.29824   0.458585
      0.11   0.990369   0.301152   0.461861
      0.12   0.989319   0.303071   0.463999
      0.13   0.987668   0.305925   0.467153
      0.14   0.986424   0.307645   0.469014
      0.15   0.984165   0.310202   0.471721
      0.16   0.982296   0.311855   0.473412
      0.17   0.979601   0.314395   0.476016
      0.18   0.977582   0.315974   0.477584
      0.19   0.974733   0.318433   0.480042
       0.2   0.972768   0.320105   0.481699
      0.21   0.969571   0.322729   0.484267
      0.22   0.966411   0.325561   0.487048
      0.23    0.96462   0.327238   0.488692
      0.24   0.961602   0.329762   0.491108
      0.25   0.959564   0.331467   0.492729
      0.26   0.956605   0.333969   0.495092
      0.27   0.954508   0.335539   0.496532
      0.28   0.951093      0.338   0.498753
      0.29   0.948587   0.339634   0.500181
       0.3   0.944975   0.342029   0.502265
      0.31   0.941641   0.344366   0.504304
      0.32   0.938981   0.345961   0.505627
      0.33   0.935221   0.348273    0.50754
      0.34   0.932312   0.349742   0.508666
      0.35   0.928135   0.352018   0.510439
      0.36   0.925416   0.353593   0.511678
      0.37   0.921586   0.355988   0.513588
      0.38   0.918894   0.357604   0.514847
      0.39   0.914635   0.359746   0.516386
       0.4    0.91166   0.361297   0.517504
      0.41   0.907277   0.363708   0.519257
      0.42    0.90275   0.365876   0.520712
      0.43   0.899448   0.367315   0.521614
      0.44   0.894258   0.369437   0.522867
      0.45   0.891233   0.370881    0.52379
      0.46   0.885989   0.372943   0.524926
      0.47   0.882421   0.374228   0.525567
      0.48   0.876863   0.376407   0.526714
      0.49   0.873203   0.377809    0.52742
       0.5   0.867845   0.379906    0.52847
      0.51   0.862316   0.381728   0.529194
      0.52   0.858136   0.383166    0.52978
      0.53   0.852412   0.385338   0.530748
      0.54   0.848422   0.386624   0.531187
      0.55   0.842517   0.388654   0.531929
      0.56   0.838578   0.389962   0.532361
      0.57     0.8329   0.391896   0.533003
      0.58   0.829343    0.39321   0.533483
      0.59   0.824067   0.395105   0.534122
       0.6   0.820433    0.39636   0.534499
      0.61   0.814856   0.398154   0.534931
      0.62   0.808475   0.399804   0.535028
      0.63   0.804171   0.400771   0.534944
      0.64     0.7977   0.402313   0.534869
      0.65   0.793178   0.403549   0.534936
      0.66   0.786898   0.405236   0.534972
      0.67   0.782807   0.406317   0.534961
      0.68   0.776527   0.407914   0.534862
      0.69   0.772359   0.409137   0.534916
       0.7   0.766094   0.410735   0.534762
      0.71   0.759871   0.412183   0.534456
      0.72   0.754863   0.413171   0.534039
      0.73   0.748586   0.414654   0.533689
      0.74   0.744073   0.415655   0.533362
      0.75   0.737452   0.417128   0.532855
      0.76   0.732861   0.417987   0.532349
      0.77    0.72577   0.419274   0.531502
      0.78   0.721848   0.420071   0.531084
      0.79   0.715366    0.42144   0.530406
       0.8   0.711032   0.422348   0.529924
      0.81   0.704755   0.423699   0.529227
      0.82   0.698419   0.424908   0.528366
      0.83   0.694011   0.425781   0.527771
      0.84    0.68816   0.427044   0.527033
      0.85   0.683325   0.428027   0.526353
      0.86   0.677476   0.429165   0.525462
      0.87   0.673635   0.430106   0.525005
      0.88   0.667076    0.43119   0.523801
      0.89   0.662838   0.431807   0.522942
       0.9   0.656134   0.432542   0.521378
      0.91   0.650265   0.433565   0.520251
      0.92   0.646553   0.434245   0.519547
      0.93   0.639844   0.435059   0.517944
      0.94   0.635282   0.435627   0.516843
      0.95   0.629118   0.436524   0.515418
      0.96   0.624888   0.437123   0.514407
      0.97   0.618178   0.437978   0.512705
      0.98   0.614059   0.438417   0.511582
      0.99    0.60733   0.439091   0.509686
