    119082       0.94   0.868346   0.668772   0.755603
     58060          0          1   0.374026   0.544424
     42049       0.82   0.976313    0.69822   0.814175
     24077       0.48   0.901392   0.528919   0.666657
     78004       0.99   0.817979   0.543591   0.653137
     45096       0.34   0.808017   0.680434   0.738758
     38092       0.85   0.882846   0.611152   0.722294
     43074       0.66   0.563203   0.434986    0.49086
     16077       0.79   0.765845   0.425919   0.547404
     86000       0.39    0.97163    0.43984   0.605555
    101085       0.99   0.887377   0.550845   0.679738
     89072       0.52   0.866098   0.370818     0.5193
    126007        0.5   0.892805   0.498679   0.639925
     76053       0.43   0.796116   0.514875   0.625329
     86016          0          1   0.363236   0.532903
    103070       0.26   0.880151   0.384548   0.535243
      8023       0.62   0.896057   0.258122   0.400791
     41033        0.6   0.759825   0.431724   0.550602
    109053       0.46    0.80975   0.369553   0.507495
    130026       0.99   0.545562   0.268129   0.359549
    108082       0.38   0.860139   0.172775    0.28775
     69040          0          1   0.319512   0.484288
     14037       0.43   0.759627    0.50681   0.607984
     54082       0.28   0.872523   0.569699   0.689319
     62096       0.99   0.777029    0.31798   0.451283
     12084       0.79   0.837825   0.367145   0.510557
     69015       0.61   0.758349   0.799499   0.778381
     97033       0.93   0.948395   0.440792   0.601855
     19021       0.73   0.815803    0.61945   0.704195
     86068       0.62   0.769458   0.244891   0.371536
      3096       0.09   0.899787   0.463646   0.611959
     41069       0.99   0.628024   0.227204   0.333688
     21077       0.58   0.963552   0.537836   0.690339
    108070          0          1   0.230724    0.37494
    123074       0.85   0.459933    0.23498   0.311046
     38082       0.47   0.895338   0.459964   0.607721
     33039          0          1   0.331079    0.49746
    108005       0.48   0.903378   0.358418   0.513216
    106024       0.76   0.555306   0.359652    0.43656
    102061       0.81   0.806613   0.341674   0.480017
     37073       0.29   0.973444   0.753178   0.849261
     65033       0.71   0.828041   0.510881   0.631897
     55073       0.79   0.787464   0.495282   0.608097
     66053       0.69   0.716043   0.434936   0.541162
     85048       0.98   0.804991   0.482481   0.603342
     42012       0.33    0.86326   0.483361   0.619723
     87046       0.84    0.75711   0.387075   0.512257
    105025       0.96   0.680209   0.394322   0.499234
    101087       0.63   0.868631   0.584545    0.69882
     69020       0.63   0.874484   0.393183   0.542465
