         0          1   0.296598   0.457502
      0.01   0.999005   0.369762   0.539748
      0.02   0.998925   0.383854   0.554595
      0.03   0.998248   0.398529   0.569641
      0.04    0.99789   0.432959   0.603901
      0.05   0.996815    0.44873   0.618868
      0.06   0.995263   0.460885   0.630021
      0.07   0.994785   0.466479    0.63513
      0.08   0.992914    0.47291   0.640676
      0.09   0.991959   0.476884   0.644112
       0.1   0.990366   0.481691   0.648141
      0.11   0.989889   0.486513   0.652389
      0.12   0.989809   0.489847   0.655362
      0.13   0.988455    0.49481   0.659488
      0.14   0.987659    0.49844   0.662525
      0.15    0.98551   0.503145   0.666178
      0.16   0.984435   0.506964   0.669268
      0.17   0.980772   0.512042   0.672819
      0.18   0.979777   0.515825   0.675839
      0.19   0.978145    0.52061    0.67954
       0.2   0.977747   0.524707   0.682923
      0.21   0.975557   0.529246   0.686216
      0.22   0.974881   0.533631   0.689722
      0.23   0.974164   0.537154   0.692476
      0.24   0.970303   0.542071   0.695559
      0.25   0.968551   0.545615   0.698016
      0.26    0.96672   0.548247   0.699687
      0.27   0.964928   0.550071   0.700698
      0.28   0.963495   0.554468   0.703874
      0.29   0.962062    0.55794   0.706279
       0.3   0.960191   0.561534   0.708643
      0.31    0.95629   0.565217   0.710495
      0.32   0.954896    0.56771   0.712074
      0.33   0.949801   0.570264    0.71265
      0.34   0.948368   0.571786   0.713433
      0.35   0.943471   0.574255   0.713953
      0.36     0.9416   0.575948   0.714722
      0.37   0.936186   0.579039   0.715522
      0.38   0.932086   0.581134   0.715913
      0.39   0.923607   0.584702    0.71608
       0.4   0.920979   0.587221    0.71717
      0.41    0.91883   0.591326   0.719566
      0.42    0.91453   0.594078    0.72027
      0.43    0.91246   0.596011   0.721043
      0.44   0.907763   0.599437   0.722063
      0.45   0.906409   0.602334   0.723729
      0.46   0.903463   0.605622   0.725151
      0.47    0.90203   0.607783   0.726233
      0.48   0.895422   0.610037   0.725679
      0.49   0.889849   0.612691   0.725708
       0.5   0.886067   0.615445   0.726369
      0.51   0.881131   0.619227    0.72732
      0.52   0.877588   0.622228   0.728169
      0.53   0.872452    0.62414   0.727697
      0.54   0.865247   0.626753   0.726938
      0.55   0.860868    0.62889   0.726818
      0.56   0.855693   0.630315   0.725913
      0.57   0.849204   0.632447    0.72497
      0.58   0.842158   0.631986    0.72209
      0.59   0.838376   0.633318   0.721561
       0.6   0.831807   0.633997   0.719555
      0.61   0.822691   0.636199   0.717525
      0.62   0.813615   0.636516   0.714251
      0.63   0.810151   0.636891   0.713148
      0.64   0.804976   0.637613   0.711586
      0.65   0.798686    0.63911   0.710043
      0.66   0.790565   0.639069    0.70679
      0.67   0.777906   0.639051   0.701675
      0.68   0.771616   0.641278   0.700435
      0.69   0.767078   0.642683   0.699392
       0.7   0.759873    0.64253   0.696292
      0.71   0.753025   0.642164    0.69319
      0.72   0.751592   0.641864   0.692408
      0.73   0.747134   0.642829   0.691068
      0.74   0.742357   0.642511   0.688835
      0.75   0.735072   0.642813   0.685854
      0.76   0.729339   0.644259   0.684164
      0.77   0.722373   0.644053   0.680969
      0.78   0.719387   0.643424   0.679288
      0.79   0.709196   0.643169   0.674571
       0.8   0.706489   0.642621   0.673043
      0.81   0.702548   0.644186   0.672102
      0.82   0.697532   0.645015   0.670246
      0.83    0.68961   0.644006   0.666028
      0.84   0.683002    0.64417   0.663018
      0.85   0.678861   0.643781   0.660856
      0.86    0.67301   0.644938   0.658675
      0.87     0.6709   0.645231   0.657815
      0.88   0.665167   0.643799   0.654309
      0.89   0.658678   0.643809   0.651159
       0.9   0.648726   0.641731    0.64521
      0.91   0.641242   0.640578    0.64091
      0.92   0.634435   0.638825   0.636622
      0.93   0.624841   0.637257   0.630988
      0.94   0.620979   0.636174   0.628485
      0.95   0.613933   0.632955   0.623299
      0.96   0.607006   0.630568   0.618563
      0.97   0.595701   0.627838   0.611347
      0.98   0.589968   0.626943   0.607894
      0.99   0.584475   0.624517   0.603833
