         0          1   0.295659   0.456384
      0.01   0.999883   0.284697   0.443201
      0.02   0.999883   0.286112   0.444913
      0.03   0.999883   0.286314   0.445158
      0.04   0.999883    0.28657   0.445467
      0.05   0.999883   0.286807   0.445754
      0.06   0.999883   0.287594   0.446704
      0.07   0.999804   0.288046   0.447241
      0.08   0.999804   0.289289   0.448738
      0.09   0.999804   0.289867   0.449433
       0.1   0.999765   0.291618    0.45153
      0.11   0.999765   0.294167    0.45458
      0.12   0.999765    0.29592    0.45667
      0.13   0.999765   0.298775   0.460062
      0.14   0.999765   0.300869   0.462541
      0.15   0.999765   0.304861   0.467244
      0.16   0.999765   0.307868   0.470767
      0.17   0.999609    0.31172    0.47524
      0.18   0.999531   0.314601   0.478572
      0.19   0.999061   0.319471   0.484131
       0.2   0.999061   0.322307    0.48738
      0.21   0.999022   0.326568   0.492232
      0.22   0.998983     0.3309   0.497132
      0.23   0.998983   0.334292    0.50095
      0.24   0.998944   0.339153   0.506384
      0.25   0.998944   0.343154    0.51083
      0.26   0.998866   0.347772   0.515918
      0.27   0.998827   0.351093   0.519558
      0.28   0.998788   0.355882   0.524778
      0.29    0.99867   0.359163    0.52832
       0.3   0.998631   0.364088   0.533624
      0.31   0.998123   0.368389   0.538154
      0.32   0.998123   0.371334   0.541291
      0.33   0.997575   0.375434   0.545552
      0.34   0.997184   0.378483   0.548704
      0.35   0.996637   0.382764   0.553105
      0.36   0.996637   0.385295   0.555742
      0.37   0.995698   0.389214    0.55966
      0.38   0.994721   0.392031   0.562409
      0.39   0.993469   0.395719   0.565992
       0.4    0.99343    0.39839   0.568712
      0.41   0.992961   0.402349   0.572656
      0.42   0.991162   0.406391   0.576435
      0.43   0.991006   0.408934   0.578962
      0.44   0.990693   0.412736   0.582708
      0.45   0.988933   0.416074   0.585719
      0.46   0.988151   0.419525    0.58899
      0.47   0.987017   0.421511   0.590743
      0.48   0.985296   0.424676   0.593532
      0.49   0.983576    0.42659   0.595084
       0.5   0.981855   0.429221   0.597322
      0.51   0.979939   0.433687   0.601272
      0.52   0.974777   0.435858   0.602373
      0.53   0.971101   0.438248   0.603942
      0.54   0.969811   0.440862   0.606168
      0.55   0.967269   0.445269   0.609817
      0.56    0.96461   0.446846   0.610762
      0.57   0.962733   0.451159   0.614397
      0.58   0.959604   0.452778   0.615255
      0.59   0.956945   0.455306   0.617033
       0.6   0.953543   0.456604   0.617512
      0.61   0.953113   0.459584   0.620141
      0.62   0.950023   0.463752    0.62326
      0.63   0.948733   0.465567   0.624618
      0.64   0.948107   0.469635   0.628131
      0.65     0.9458   0.471468   0.629259
      0.66   0.941694   0.474298   0.630856
      0.67   0.938683   0.476548   0.632162
      0.68   0.937119   0.481018   0.635723
      0.69   0.934812    0.48385   0.637656
       0.7   0.930236   0.486566   0.638934
      0.71   0.926521   0.491552   0.642327
      0.72   0.923236    0.49428   0.643855
      0.73   0.916745   0.498437   0.645768
      0.74   0.913069   0.501178   0.647143
      0.75   0.907321   0.504935   0.648803
      0.76   0.903957   0.507809   0.650302
      0.77   0.898131   0.511161   0.651518
      0.78   0.892304   0.513681   0.652012
      0.79   0.889371   0.517633   0.654395
       0.8   0.887377   0.520639   0.656247
      0.81    0.88241   0.524682   0.658073
      0.82   0.877209   0.528663    0.65973
      0.83    0.87283   0.530417   0.659846
      0.84   0.869936   0.535161   0.662667
      0.85   0.867316   0.538506   0.664458
      0.86   0.862662   0.542705   0.666262
      0.87   0.860042   0.546517   0.668337
      0.88   0.853629   0.549763   0.668799
      0.89   0.848584   0.552403   0.669186
       0.9   0.841467   0.556013   0.669586
      0.91   0.832903   0.558838   0.668886
      0.92   0.827819   0.561496   0.669131
      0.93   0.820194   0.565283   0.669288
      0.94   0.816127   0.567238   0.669293
      0.95   0.808541   0.570612   0.669053
      0.96    0.80596   0.570628   0.668179
      0.97   0.803418   0.574259    0.66978
      0.98   0.801541   0.575796   0.670169
      0.99   0.793602   0.577439    0.66848
