         0          1   0.168956   0.289072
      0.01   0.999262   0.178878   0.303438
      0.02   0.999262   0.184182   0.311035
      0.03   0.999262   0.199239   0.332236
      0.04   0.999262   0.223471   0.365257
      0.05   0.999262   0.232279   0.376938
      0.06   0.998851   0.240463   0.387612
      0.07   0.997539   0.246131    0.39484
      0.08   0.996226   0.253594   0.404277
      0.09   0.996144    0.25774   0.409522
       0.1   0.994585   0.261619   0.414268
      0.11   0.990318   0.265517    0.41876
      0.12   0.989908   0.269051   0.423104
      0.13   0.986708   0.272498   0.427056
      0.14   0.986462   0.274614   0.429627
      0.15   0.983098   0.276204   0.431248
      0.16   0.978503   0.278957   0.434145
      0.17    0.97235   0.281732    0.43688
      0.18   0.969314    0.28354   0.438741
      0.19   0.963078   0.286582   0.441721
       0.2   0.961848   0.288144   0.443443
      0.21   0.956925   0.289761   0.444827
      0.22   0.952904   0.292154     0.4472
      0.23   0.949705   0.293752   0.448713
      0.24   0.948556   0.295501   0.450621
      0.25   0.947982   0.297903   0.453344
      0.26   0.946833   0.300413    0.45611
      0.27   0.945848   0.302313   0.458182
      0.28   0.943387   0.304099   0.459938
      0.29   0.942074   0.305423   0.461293
       0.3   0.938874   0.307065   0.462776
      0.31   0.937562   0.309096   0.464918
      0.32    0.93551   0.309964   0.465645
      0.33   0.933705   0.311792   0.467479
      0.34   0.932639    0.31341   0.469161
      0.35   0.931162   0.315468   0.471274
      0.36   0.929767   0.316814   0.472594
      0.37   0.927634   0.318778   0.474497
      0.38   0.922629   0.320416   0.475647
      0.39   0.920578   0.323396   0.478645
       0.4   0.918608   0.324997   0.480128
      0.41   0.915819    0.32685   0.481763
      0.42   0.912455   0.328922   0.483538
      0.43   0.908024   0.329871   0.483936
      0.44   0.907204   0.330979   0.485009
      0.45   0.903758   0.331189   0.484741
      0.46   0.894158   0.331233   0.483396
      0.47   0.891943   0.331414   0.483264
      0.48   0.885215   0.332318   0.483228
      0.49   0.878897   0.332841   0.482832
       0.5   0.878815   0.333542   0.483557
      0.51    0.87742   0.334391   0.484236
      0.52   0.876928   0.334401   0.484172
      0.53   0.870857   0.335849   0.484752
      0.54   0.866672   0.335967   0.484224
      0.55   0.864703   0.336585   0.484556
      0.56   0.859288   0.337292   0.484433
      0.57   0.850345   0.337999   0.483725
      0.58   0.845011    0.33883   0.483706
      0.59   0.841073   0.338644   0.482869
       0.6   0.835084   0.338459    0.48169
      0.61   0.828848   0.339012   0.481204
      0.62   0.823351   0.338594   0.479854
      0.63   0.820561   0.339041   0.479826
      0.64   0.810551   0.338688   0.477749
      0.65   0.809074   0.338438   0.477244
      0.66   0.804562   0.338511   0.476528
      0.67   0.802757   0.339355   0.477046
      0.68   0.797342   0.339652   0.476377
      0.69   0.794962   0.340619     0.4769
       0.7   0.789219   0.341499   0.476719
      0.71   0.783558   0.343822    0.47793
      0.72   0.779783   0.342976    0.47641
      0.73   0.774204   0.343371   0.475743
      0.74   0.773466   0.343428   0.475658
      0.75   0.769938   0.344259   0.475784
      0.76   0.769035   0.345061   0.476375
      0.77   0.765179   0.344858    0.47544
      0.78    0.76362   0.345206   0.475469
      0.79   0.758205   0.345905   0.475074
       0.8   0.756892   0.346008   0.474912
      0.81   0.756072   0.345978   0.474723
      0.82   0.749918   0.345353   0.472918
      0.83   0.741877   0.344367   0.470388
      0.84   0.739498   0.345045   0.470539
      0.85   0.732524   0.344901   0.468985
      0.86   0.727929   0.345152    0.46827
      0.87   0.717509   0.344671   0.465654
      0.88   0.712586   0.345783   0.465622
      0.89    0.70955   0.344925   0.464196
       0.9   0.706433   0.343949   0.462645
      0.91    0.70233   0.343476   0.461336
      0.92   0.695848   0.343098   0.459589
      0.93   0.689202   0.343309   0.458318
      0.94   0.684198    0.34319   0.457101
      0.95    0.67509   0.342487   0.454431
      0.96   0.670414   0.341046   0.452102
      0.97   0.665162   0.342986   0.452595
      0.98   0.663768   0.343843   0.453016
      0.99   0.661142   0.344524   0.452992
