         0          1   0.337394   0.504555
      0.01    0.98665   0.334421   0.499528
      0.02    0.98665   0.334926   0.500092
      0.03    0.98665   0.336135   0.501439
      0.04   0.986051   0.339174   0.504734
      0.05   0.984981   0.341839   0.507537
      0.06   0.984382   0.344755   0.510663
      0.07   0.983741   0.347754   0.513858
      0.08   0.982371    0.35213   0.518429
      0.09    0.98143   0.354616   0.520987
       0.1    0.97959   0.357697   0.524041
      0.11   0.976809   0.362326   0.528585
      0.12   0.972316   0.364585   0.530319
      0.13   0.961063   0.368424   0.532654
      0.14   0.955843    0.37077    0.53429
      0.15   0.946001   0.374854   0.536944
      0.16   0.932224   0.375682   0.535543
      0.17     0.9202   0.377762   0.535635
      0.18   0.909332   0.380256   0.536263
      0.19   0.902914   0.383192   0.538042
       0.2   0.895041   0.385406   0.538803
      0.21   0.881563   0.388337   0.539166
      0.22   0.869154   0.389348   0.537787
      0.23   0.854478   0.390658    0.53618
      0.24   0.843438   0.393269   0.536421
      0.25   0.832784   0.394479   0.535363
      0.26   0.821916   0.396687    0.53511
      0.27   0.810492   0.398605   0.534393
      0.28   0.801549   0.400372   0.534008
      0.29   0.791151   0.401488   0.532663
       0.3   0.781695     0.4029   0.531734
      0.31   0.772025   0.405914   0.532074
      0.32    0.76612   0.406625   0.531273
      0.33    0.75722   0.408418   0.530632
      0.34   0.752214   0.410505   0.531148
      0.35   0.745411   0.412545   0.531136
      0.36   0.738009   0.414386   0.530757
      0.37   0.733174   0.419769   0.533875
      0.38   0.725258    0.42154   0.533181
      0.39   0.708827   0.424313   0.530851
       0.4   0.697617   0.425602   0.528672
      0.41   0.680416   0.430611    0.52743
      0.42   0.674126   0.434683   0.528551
      0.43   0.665697   0.437043   0.527664
      0.44   0.652518   0.441146   0.526406
      0.45   0.648368   0.442524   0.526025
      0.46    0.63536   0.446426   0.524394
      0.47   0.630696   0.447419   0.523479
      0.48   0.620855   0.451142   0.522564
      0.49   0.616063   0.453175   0.522212
       0.5    0.60682   0.454749   0.519893
      0.51   0.597493   0.458243   0.518684
      0.52   0.591631   0.459135    0.51703
      0.53   0.581618    0.46224   0.515103
      0.54   0.576569   0.464606   0.514568
      0.55   0.567156   0.466473   0.511911
      0.56   0.557058   0.467517   0.508375
      0.57   0.552094   0.471898   0.508856
      0.58   0.548072   0.474089   0.508403
      0.59   0.540841   0.476874   0.506847
       0.6   0.534723   0.477733   0.504624
      0.61   0.522271   0.480476   0.500502
      0.62   0.511831    0.48018     0.4955
      0.63   0.504257   0.482091   0.492925
      0.64   0.499337   0.483472   0.491276
      0.65   0.494545   0.483906   0.489167
      0.66   0.486158   0.482415   0.484279
      0.67   0.480211    0.48244   0.481323
      0.68   0.470241   0.482918   0.476495
      0.69    0.46224   0.483377   0.472572
       0.7   0.455992   0.483715   0.469445
      0.71   0.451885   0.485036   0.467874
      0.72   0.445124   0.485339   0.464362
      0.73   0.437551   0.486339   0.460657
      0.74   0.433785   0.486544   0.458652
      0.75   0.429036   0.488391   0.456793
      0.76   0.427367   0.489617   0.456379
      0.77   0.415814   0.490929   0.450261
      0.78   0.410166   0.489524   0.446345
      0.79   0.408369   0.488479   0.444846
       0.8   0.405032   0.488196   0.442742
      0.81   0.398229   0.487979   0.438559
      0.82   0.394206   0.485783    0.43523
      0.83   0.392837   0.484979   0.434072
      0.84   0.387189   0.481702   0.429305
      0.85   0.385478   0.482748   0.428664
      0.86   0.377605   0.481601   0.423309
      0.87   0.373069    0.48268   0.420855
      0.88   0.361302   0.478624   0.411769
      0.89    0.35912   0.478702   0.410377
       0.9   0.354542   0.477679   0.407001
      0.91   0.349236   0.476407   0.403028
      0.92   0.347225   0.475972   0.401531
      0.93   0.337384   0.472963   0.393832
      0.94   0.335116   0.470567   0.391456
      0.95   0.329468   0.469471   0.387203
      0.96    0.32643   0.467018   0.384269
      0.97   0.322408   0.463874   0.380415
      0.98   0.316461   0.461568   0.375483
      0.99   0.312866   0.458201   0.371837
