         0          1   0.223995   0.366006
      0.01   0.997098   0.237143   0.383158
      0.02   0.997098   0.241331   0.388606
      0.03   0.997098   0.243074   0.390863
      0.04   0.996324   0.243442   0.391278
      0.05   0.996324   0.244119   0.392153
      0.06   0.996195   0.244495   0.392628
      0.07   0.996195   0.244866   0.393106
      0.08   0.994067   0.245181   0.393345
      0.09   0.993551   0.245672   0.393936
       0.1   0.993487   0.246125   0.394514
      0.11    0.99123   0.246384   0.394668
      0.12   0.991036   0.246896    0.39531
      0.13    0.98936   0.247537   0.395995
      0.14   0.988199   0.248105   0.396629
      0.15   0.986587   0.249369   0.398112
      0.16   0.985104   0.249784   0.398519
      0.17   0.982975   0.250994   0.399882
      0.18   0.981815   0.251369   0.400261
      0.19   0.978848     0.2531   0.402203
       0.2   0.977236   0.253509   0.402582
      0.21   0.974979   0.255444   0.404824
      0.22   0.973109   0.256964   0.406568
      0.23   0.970594    0.25844   0.408191
      0.24   0.967885   0.259849   0.409704
      0.25   0.967305   0.261646   0.411882
      0.26   0.966015   0.263941   0.414602
      0.27   0.965564   0.265366   0.416316
      0.28   0.963694   0.268072   0.419462
      0.29   0.963113   0.269745   0.421452
       0.3   0.958793   0.271916   0.423676
      0.31   0.952086   0.274597   0.426255
      0.32     0.9497    0.27686   0.428734
      0.33   0.945444   0.279787   0.431792
      0.34   0.944541   0.281859   0.434161
      0.35   0.942478   0.284571   0.437149
      0.36   0.941123   0.286877   0.439718
      0.37   0.938802   0.290564   0.443777
      0.38   0.936545   0.292656   0.445957
      0.39   0.931192    0.29526   0.448357
       0.4   0.928033   0.297562   0.450634
      0.41   0.924873   0.300487   0.453601
      0.42   0.919327   0.302693   0.455433
      0.43   0.916231   0.305292   0.457983
      0.44   0.907268    0.30751   0.459333
      0.45   0.903592   0.308972   0.460486
      0.46   0.899142   0.312707   0.464032
      0.47   0.889792   0.315004   0.465287
      0.48   0.880377   0.317573   0.466771
      0.49   0.874444    0.31942   0.467917
       0.5   0.866125   0.323158   0.470696
      0.51   0.861224    0.32716   0.474187
      0.52   0.858709   0.329615   0.476374
      0.53   0.852196   0.332222   0.478071
      0.54    0.84981   0.334967   0.480526
      0.55   0.844522   0.338733   0.483526
      0.56   0.838525   0.341146   0.484981
      0.57   0.831753    0.34447   0.487176
      0.58   0.823886   0.346878   0.488208
      0.59   0.821629   0.351373   0.492238
       0.6    0.81834   0.353036   0.493272
      0.61   0.812278   0.356243   0.495272
      0.62    0.80325   0.359367   0.496572
      0.63   0.793577   0.361444   0.496673
      0.64   0.789192   0.365073   0.499214
      0.65   0.779132   0.364934   0.497055
      0.66   0.771458   0.368081   0.498375
      0.67    0.77062   0.368882   0.498933
      0.68   0.767073   0.372086   0.501102
      0.69   0.761978   0.374429    0.50212
       0.7   0.751854   0.377823   0.502919
      0.71   0.739859   0.381621   0.503523
      0.72   0.731283   0.381902   0.501764
      0.73   0.726704   0.385807   0.504026
      0.74   0.724125   0.387689   0.505004
      0.75   0.718192   0.391708   0.506931
      0.76   0.714645    0.39216   0.506422
      0.77   0.705681   0.395473   0.506883
      0.78   0.694461    0.39687   0.505091
      0.79   0.685368     0.3969    0.50269
       0.8   0.682724   0.398058   0.502902
      0.81   0.673051   0.400713   0.502345
      0.82   0.662024   0.400115   0.498778
      0.83   0.650029   0.400196   0.495396
      0.84   0.646805   0.401202   0.495225
      0.85   0.640098   0.402033   0.493873
      0.86   0.628297   0.401784   0.490135
      0.87   0.626298   0.401682   0.489451
      0.88   0.621461   0.403011   0.488946
      0.89   0.616044   0.403922   0.487925
       0.9   0.600825   0.403477   0.482762
      0.91   0.592571   0.403281   0.479936
      0.92   0.587799   0.403793   0.478723
      0.93   0.580705   0.403914   0.476438
      0.94    0.57761   0.403635   0.475199
      0.95   0.573934   0.403752   0.474032
      0.96   0.572516   0.404544   0.474092
      0.97   0.565745    0.40389   0.471309
      0.98   0.562972   0.404304   0.470624
      0.99   0.554008   0.403536   0.466949
