         0          1   0.193017   0.323578
      0.01   0.978157   0.181107   0.305627
      0.02   0.978157   0.191637   0.320486
      0.03   0.978096   0.198909   0.330588
      0.04   0.977914   0.208627   0.343889
      0.05   0.976579   0.216104   0.353896
      0.06   0.975487   0.228451   0.370204
      0.07   0.971543   0.237665   0.381906
      0.08   0.969055   0.250904   0.398603
      0.09   0.966932   0.258777   0.408286
       0.1   0.954857   0.267051   0.417373
      0.11   0.946666   0.270364   0.420605
      0.12   0.935623   0.272899    0.42255
      0.13   0.926157   0.274693   0.423714
      0.14   0.917723   0.275017   0.423209
      0.15   0.899217   0.276213   0.422612
      0.16   0.889388   0.277248   0.422722
      0.17   0.870457   0.277957   0.421363
      0.18   0.857715   0.279902   0.422068
      0.19   0.849099   0.284002   0.425639
       0.2   0.845822   0.287265   0.428873
      0.21   0.836054   0.289795   0.430402
      0.22   0.823554   0.293391   0.432651
      0.23   0.817912   0.294607   0.433184
      0.24   0.806747   0.296723   0.433869
      0.25   0.804259   0.299368   0.436324
      0.26   0.796493   0.302388   0.438355
      0.27   0.786967   0.303931   0.438507
      0.28    0.78096   0.307494   0.441251
      0.29   0.776045   0.309942   0.442968
       0.3   0.768946    0.31094   0.442817
      0.31   0.758449    0.31348   0.443609
      0.32   0.746496   0.314666   0.442716
      0.33   0.740853   0.317468   0.444472
      0.34   0.737941   0.319267   0.445703
      0.35   0.735089   0.321688   0.447529
      0.36   0.724713    0.32296   0.446806
      0.37   0.716279   0.326391    0.44844
      0.38   0.708634   0.327884   0.448327
      0.39   0.700625   0.331491   0.450048
       0.4   0.691463   0.332489   0.449052
      0.41   0.681694   0.335611   0.449784
      0.42   0.668042   0.335686   0.446839
      0.43     0.6607   0.339502   0.448528
      0.44   0.645895   0.341238   0.446554
      0.45   0.635338   0.342915    0.44542
      0.46   0.625083    0.34691   0.446192
      0.47   0.618894   0.350236   0.447327
      0.48   0.605728   0.353924   0.446791
      0.49   0.595959   0.356313   0.445982
       0.5   0.591044   0.359818   0.447317
      0.51   0.584613   0.365195    0.44956
      0.52   0.576846   0.367783    0.44918
      0.53   0.575268   0.371729   0.451625
      0.54   0.573327   0.374488    0.45305
      0.55   0.566592   0.378944   0.454148
      0.56   0.564468    0.38041   0.454512
      0.57   0.563437   0.384727    0.45724
      0.58   0.560464   0.388249   0.458726
      0.59   0.557005   0.392664   0.460615
       0.6   0.550877   0.395144   0.460192
      0.61    0.54754    0.39864   0.461374
      0.62   0.540987   0.404484   0.462881
      0.63   0.538438     0.4055   0.462608
      0.64   0.530368    0.40695   0.460534
      0.65   0.529215   0.408331    0.46098
      0.66   0.523391   0.411529   0.460768
      0.67   0.523391   0.413387    0.46193
      0.68   0.519204   0.414767   0.461146
      0.69   0.516534   0.415723   0.460678
       0.7   0.514835   0.416521   0.460489
      0.71   0.508646   0.416402   0.457925
      0.72   0.507736   0.416756   0.457769
      0.73   0.498695   0.417451   0.454471
      0.74   0.486318   0.416728   0.448841
      0.75   0.483223   0.418262   0.448402
      0.76   0.477641   0.417872   0.445762
      0.77   0.475032   0.416386    0.44378
      0.78   0.471149   0.416196   0.441971
      0.79   0.465324   0.416477   0.439547
       0.8   0.461865   0.416253   0.437875
      0.81   0.455737   0.417532   0.435799
      0.82   0.450579   0.415857   0.432522
      0.83   0.450094   0.415139    0.43191
      0.84   0.444815   0.415451   0.429632
      0.85   0.444269   0.414692   0.428971
      0.86   0.440689   0.414615   0.427255
      0.87   0.434925   0.414838   0.424644
      0.88   0.431588   0.414624   0.422936
      0.89    0.42461     0.4135   0.418982
       0.9   0.423518   0.413035   0.418211
      0.91   0.415205   0.410004   0.412588
      0.92   0.410351   0.409634   0.409992
      0.93   0.405983   0.410129   0.408045
      0.94   0.399854   0.409679   0.404707
      0.95   0.397488   0.408463   0.402901
      0.96   0.395425   0.407734   0.401485
      0.97   0.391724   0.407173   0.399299
      0.98   0.390268   0.406859    0.39839
      0.99   0.388569   0.406967   0.397555
