         0          1   0.150167   0.261123
      0.01   0.997438   0.145658   0.254196
      0.02   0.996869   0.159727   0.275337
      0.03   0.993073    0.16311   0.280199
      0.04   0.989088   0.164005   0.281356
      0.05   0.985957   0.163452   0.280417
      0.06   0.981592   0.163382   0.280137
      0.07   0.980548   0.163826   0.280747
      0.08    0.97922   0.164085   0.281072
      0.09   0.978556   0.164411   0.281523
       0.1   0.974476      0.164    0.28075
      0.11   0.969921   0.163896   0.280409
      0.12   0.966695   0.164101   0.280573
      0.13    0.96271   0.164283   0.280671
      0.14    0.96252   0.164729   0.281313
      0.15   0.958535   0.164699   0.281099
      0.16   0.955973   0.165518   0.282179
      0.17   0.950754   0.166012   0.282667
      0.18   0.947813   0.165976   0.282484
      0.19   0.942974   0.166154   0.282527
       0.2   0.939083   0.167268   0.283957
      0.21    0.93396   0.167346   0.283835
      0.22   0.931682   0.168362   0.285189
      0.23   0.924471   0.168956   0.285698
      0.24   0.918209   0.169339   0.285944
      0.25   0.910807   0.169614   0.285973
      0.26   0.901983   0.170886   0.287334
      0.27   0.898472   0.171281   0.287713
      0.28   0.890312   0.172217   0.288608
      0.29   0.886327    0.17267   0.289033
       0.3   0.880444   0.172629    0.28866
      0.31   0.874087   0.173572   0.289631
      0.32   0.868204   0.173247   0.288854
      0.33   0.859285   0.173088   0.288136
      0.34   0.853022   0.173951   0.288974
      0.35   0.838125   0.174341   0.288641
      0.36   0.825885   0.174279   0.287822
      0.37   0.810703   0.174377   0.287018
      0.38   0.805769    0.17491   0.287428
      0.39    0.79704   0.175332   0.287435
       0.4    0.79258   0.175345    0.28716
      0.41    0.78015   0.176177   0.287443
      0.42   0.766581   0.176528   0.286972
      0.43   0.760034   0.176375   0.286309
      0.44   0.748363   0.176514   0.285652
      0.45     0.7384   0.176642   0.285085
      0.46   0.729955   0.176766   0.284611
      0.47   0.720941   0.176291   0.283306
      0.48   0.710029   0.176394   0.282584
      0.49   0.700446     0.1753    0.28042
       0.5    0.66771   0.174124   0.276217
      0.51   0.650536   0.173546   0.273996
      0.52   0.640288   0.172269   0.271494
      0.53   0.623399   0.171898   0.269487
      0.54   0.613056   0.171498   0.268019
      0.55   0.604706    0.17208   0.267919
      0.56   0.599488   0.173678   0.269328
      0.57   0.593889   0.175136   0.270502
      0.58   0.586583   0.173523   0.267819
      0.59   0.572445   0.172812    0.26548
       0.6   0.561913   0.172532   0.264003
      0.61    0.54768   0.171378   0.261065
      0.62    0.53933   0.172367   0.261242
      0.63    0.53544   0.171591   0.259895
      0.64   0.521112   0.171542   0.258116
      0.65   0.508682   0.169787   0.254595
      0.66   0.492836   0.168963    0.25165
      0.67   0.487048   0.168305   0.250163
      0.68   0.482019   0.168673   0.249898
      0.69   0.473005   0.168414   0.248388
       0.7   0.457634   0.166148   0.243787
      0.71   0.450802   0.166478   0.243159
      0.72   0.440839    0.16657   0.241783
      0.73   0.433912   0.167227   0.241415
      0.74   0.422241   0.167342    0.23969
      0.75   0.409811   0.168335   0.238644
      0.76   0.405257   0.166913   0.236443
      0.77   0.395673   0.167317   0.235183
      0.78   0.392068   0.167661   0.234879
      0.79   0.389411   0.167083   0.233836
       0.8   0.383907   0.167473   0.233211
      0.81   0.377835    0.16797   0.232555
      0.82   0.368631   0.167554    0.23039
      0.83   0.357529   0.165519   0.226281
      0.84   0.354303   0.164096   0.224305
      0.85   0.347376   0.163613   0.222452
      0.86    0.34453   0.162483   0.220824
      0.87   0.336844    0.16201    0.21879
      0.88   0.328589   0.160616   0.215765
      0.89   0.326881   0.160145   0.214972
       0.9   0.318436   0.156313   0.209692
      0.91   0.312553     0.1531   0.205526
      0.92   0.304393   0.151902   0.202667
      0.93   0.296707   0.149376   0.198712
      0.94   0.292248   0.146786    0.19542
      0.95   0.276497   0.142812   0.188344
      0.96    0.27365   0.143268   0.188072
      0.97   0.271183   0.142062    0.18645
      0.98    0.26568   0.142147   0.185204
      0.99   0.255717   0.140641   0.181474
