         0          1   0.230724    0.37494
      0.01   0.998562   0.228889   0.372414
      0.02   0.998562   0.228537   0.371948
      0.03   0.998138   0.227986   0.371189
      0.04   0.997715   0.226607    0.36933
      0.05   0.997377   0.225241   0.367491
      0.06   0.995092   0.223307   0.364759
      0.07   0.993485   0.222197   0.363169
      0.08   0.990692   0.219873   0.359875
      0.09     0.9857   0.218317   0.357461
       0.1   0.979946   0.217387   0.355837
      0.11    0.97563   0.215504   0.353029
      0.12   0.972584   0.214707    0.35176
      0.13   0.967423   0.213763   0.350155
      0.14   0.960822   0.212882    0.34854
      0.15    0.95803   0.211752   0.346841
      0.16   0.953715   0.210895   0.345409
      0.17   0.948553   0.210235   0.344186
      0.18   0.945084   0.210307   0.344053
      0.19    0.93163   0.209541   0.342131
       0.2   0.927483   0.209164   0.341348
      0.21   0.919106   0.208896   0.340421
      0.22    0.91276   0.208709   0.339735
      0.23   0.904806   0.208504   0.338909
      0.24   0.896852   0.208865   0.338822
      0.25   0.890929   0.208793   0.338303
      0.26   0.879844   0.208598   0.337241
      0.27   0.875275   0.209195   0.337683
      0.28   0.869098    0.20936   0.337435
      0.29   0.862498   0.210111   0.337905
       0.3   0.855559   0.210422   0.337771
      0.31   0.843798   0.210883   0.337434
      0.32   0.841344   0.211104    0.33752
      0.33   0.838298   0.211823   0.338191
      0.34   0.834744   0.212142   0.338306
      0.35   0.826451   0.212212   0.337709
      0.36    0.82349   0.213296    0.33883
      0.37   0.813166   0.214877   0.339929
      0.38   0.804197   0.215415   0.339808
      0.39    0.79362   0.216688   0.340427
       0.4   0.789304   0.217602   0.341153
      0.41   0.782112   0.219075   0.342276
      0.42   0.774412   0.220628   0.343417
      0.43    0.76925   0.221588   0.344065
      0.44   0.747673   0.222887   0.343403
      0.45   0.742004   0.222987    0.34292
      0.46   0.733373   0.223716   0.342847
      0.47   0.730834   0.223701    0.34255
      0.48    0.72508   0.224402   0.342733
      0.49   0.722542   0.225056   0.343209
       0.5   0.718057   0.225013   0.342651
      0.51   0.708242   0.224555   0.340994
      0.52    0.70308   0.224691   0.340549
      0.53   0.698257   0.225809   0.341259
      0.54   0.694195   0.226341   0.341377
      0.55   0.684464    0.22676   0.340661
      0.56   0.677949   0.226368   0.339407
      0.57   0.668049   0.225704   0.337412
      0.58   0.665172   0.225835   0.337189
      0.59   0.652818   0.226358   0.336157
       0.6    0.64901   0.226809   0.336145
      0.61   0.635556    0.22697   0.334488
      0.62   0.631156    0.22726   0.334188
      0.63   0.626333   0.227357   0.333613
      0.64   0.606194   0.228177   0.331554
      0.65   0.601963   0.228839   0.331613
      0.66   0.588509   0.228857   0.329557
      0.67   0.576747   0.230355   0.329219
      0.68   0.570316   0.231593   0.329417
      0.69   0.565916   0.232223   0.329313
       0.7   0.556862   0.232364   0.327903
      0.71   0.552801   0.233441   0.328261
      0.72   0.542308   0.233713   0.326652
      0.73   0.532916   0.234101   0.325302
      0.74    0.52767   0.233902   0.324127
      0.75      0.522   0.233342   0.322515
      0.76   0.518616    0.23373   0.322235
      0.77   0.505754   0.232284   0.318354
      0.78   0.500085   0.232528   0.317449
      0.79   0.494077   0.232421    0.31613
       0.8   0.486715   0.232897   0.315044
      0.81   0.477661   0.233464   0.313634
      0.82   0.468946   0.233381   0.311658
      0.83   0.463615   0.233864   0.310899
      0.84   0.454899   0.234153   0.309167
      0.85   0.451853   0.233899   0.308239
      0.86   0.444999   0.234888   0.307477
      0.87   0.439753    0.23436   0.305767
      0.88   0.436453   0.234881   0.305405
      0.89   0.433068   0.235113   0.304767
       0.9   0.428414    0.23588   0.304246
      0.91   0.424691   0.236713   0.303989
      0.92   0.418514   0.237898   0.303357
      0.93   0.409206   0.238838   0.301627
      0.94    0.39956   0.237489   0.297908
      0.95   0.391606   0.239382   0.297132
      0.96   0.372567   0.239195   0.291343
      0.97   0.365036   0.240847   0.290214
      0.98   0.362836   0.241413   0.289925
      0.99   0.355221   0.241811   0.287744
