         0          1   0.282356    0.44037
      0.01   0.998818   0.268296   0.422975
      0.02   0.998818   0.268305   0.422987
      0.03   0.998818   0.268308    0.42299
      0.04   0.998818   0.268256   0.422926
      0.05   0.998818   0.268354   0.423047
      0.06   0.998818   0.268721   0.423503
      0.07   0.998649   0.269102    0.42396
      0.08   0.998649   0.270295    0.42544
      0.09   0.998649   0.271578   0.427028
       0.1   0.998311   0.273804   0.429743
      0.11   0.998029   0.275846   0.432228
      0.12   0.998029   0.277278   0.433985
      0.13   0.998029   0.279272   0.436423
      0.14   0.997804   0.281116   0.438649
      0.15   0.997072    0.28366   0.441669
      0.16   0.996903   0.285748   0.444179
      0.17   0.996734   0.289019   0.448103
      0.18   0.996565   0.291258   0.450772
      0.19   0.994989    0.29424   0.454172
       0.2   0.993694   0.295824    0.45592
      0.21   0.991554   0.298426   0.458775
      0.22   0.987613   0.301027   0.461414
      0.23   0.986599   0.302064   0.462519
      0.24   0.982601   0.304449   0.464864
      0.25   0.978998    0.30616   0.466448
      0.26   0.973649   0.308887   0.468988
      0.27   0.968412   0.311227   0.471064
      0.28   0.966216   0.313516   0.473418
      0.29   0.963514   0.314986   0.474765
       0.3   0.953885   0.316448   0.475238
      0.31   0.948705   0.318697   0.477117
      0.32   0.946059   0.320218   0.478481
      0.33   0.935586   0.320815   0.477793
      0.34   0.929223    0.32129   0.477485
      0.35   0.925788   0.321874   0.477673
      0.36   0.922973   0.322472   0.477955
      0.37    0.91723   0.323378   0.478172
      0.38   0.911712   0.323784   0.477861
      0.39   0.907207    0.32499   0.478549
       0.4   0.903716   0.325386    0.47849
      0.41   0.894257   0.326777   0.478648
      0.42   0.886261   0.327696   0.478475
      0.43   0.878491   0.327478   0.477104
      0.44   0.871903   0.327823   0.476492
      0.45   0.864583   0.327293   0.474835
      0.46   0.858221   0.327991   0.474601
      0.47   0.852759   0.328502   0.474295
      0.48   0.845946   0.327664   0.472365
      0.49   0.839414   0.327132    0.47079
       0.5   0.827196   0.326659   0.468362
      0.51   0.819257   0.325848   0.466251
      0.52   0.811937   0.325332   0.464532
      0.53    0.80411    0.32497   0.462875
      0.54   0.796453   0.325439   0.462071
      0.55   0.785642   0.325748   0.460542
      0.56    0.77973   0.325668   0.459442
      0.57   0.769764   0.324759   0.456798
      0.58   0.765034   0.325033   0.456231
      0.59   0.760079   0.324394   0.454719
       0.6   0.753773   0.323161   0.452377
      0.61   0.747748   0.323667   0.451779
      0.62   0.739414   0.322846   0.449451
      0.63   0.734178   0.322712    0.44835
      0.64   0.724268    0.32118   0.445016
      0.65   0.716836   0.320869   0.443306
      0.66    0.70045    0.32081   0.440067
      0.67   0.689921   0.320423   0.437606
      0.68   0.684122   0.320933   0.436906
      0.69   0.674831    0.32087   0.434936
       0.7   0.664977   0.319957   0.432037
      0.71   0.652027   0.320887   0.430104
      0.72   0.648761   0.321898   0.430295
      0.73    0.63536   0.321286   0.426767
      0.74   0.630011   0.322581   0.426687
      0.75   0.615653   0.322542   0.423311
      0.76   0.611543   0.323205   0.422903
      0.77   0.602252    0.32358   0.420977
      0.78   0.597185   0.324871   0.420816
      0.79   0.590991   0.326856   0.420917
       0.8   0.585417   0.327532   0.420051
      0.81   0.574831   0.328628   0.418183
      0.82   0.566948   0.330636   0.417685
      0.83   0.561881   0.331721   0.417161
      0.84   0.552872   0.334897   0.417125
      0.85   0.546734   0.335816   0.416072
      0.86   0.538795   0.337998   0.415404
      0.87   0.533052   0.338922   0.414377
      0.88    0.52545   0.341144   0.413698
      0.89   0.521903   0.344298   0.414892
       0.9   0.507827    0.34522   0.411025
      0.91   0.496115   0.346174   0.407799
      0.92   0.491498   0.348153    0.40759
      0.93   0.486149   0.350546   0.407359
      0.94   0.479617   0.351876   0.405934
      0.95    0.46402    0.35579   0.402761
      0.96   0.457601   0.358221   0.401858
      0.97   0.451745     0.3611   0.401368
      0.98   0.448086   0.364304   0.401874
      0.99   0.440709   0.368238   0.401228
