         0          1   0.253826   0.404882
      0.01   0.996443   0.259771   0.412107
      0.02   0.996443   0.261755     0.4146
      0.03   0.995896   0.265369   0.419071
      0.04   0.995732   0.273371   0.428971
      0.05   0.995513    0.27841    0.43513
      0.06   0.995076    0.28414   0.442053
      0.07   0.993543   0.287467   0.445915
      0.08   0.991902   0.291384   0.450444
      0.09   0.991628   0.294074   0.453623
       0.1   0.989002   0.297578     0.4575
      0.11     0.9855   0.300099   0.460093
      0.12    0.98364   0.303006   0.463296
      0.13   0.979427   0.306032   0.466349
      0.14   0.978059   0.308307   0.468828
      0.15   0.971438   0.311327   0.471536
      0.16   0.969632   0.313477   0.473783
      0.17   0.964434   0.316042   0.476075
      0.18   0.958908   0.317499   0.477046
      0.19   0.955297   0.320764   0.480267
       0.2   0.951302   0.322516   0.481717
      0.21   0.944025   0.325652   0.484255
      0.22   0.936693   0.328272   0.486164
      0.23   0.931987   0.331294   0.488825
      0.24   0.925914   0.334686   0.491655
      0.25    0.92285   0.338001   0.494784
      0.26   0.918582   0.339681   0.495961
      0.27   0.913438   0.342952   0.498676
      0.28   0.902659   0.345627   0.499859
      0.29   0.893467   0.347611   0.500498
       0.3   0.878529   0.348887   0.499435
      0.31   0.866546   0.349366   0.497966
      0.32    0.85998    0.35115   0.498678
      0.33   0.846082   0.352361   0.497523
      0.34   0.835467   0.354491   0.497775
      0.35   0.824633   0.357756   0.499019
      0.36   0.817247   0.358899   0.498763
      0.37   0.812049   0.361472   0.500261
      0.38   0.805866   0.363792   0.501288
      0.39   0.793062   0.363928    0.49891
       0.4   0.788356   0.364776    0.49877
      0.41   0.777741   0.367003   0.498685
      0.42   0.764938   0.368333   0.497236
      0.43   0.754487   0.367469   0.494227
      0.44   0.744966   0.369882   0.494327
      0.45   0.738838   0.370617   0.493622
      0.46   0.724338   0.372567   0.492047
      0.47    0.71914   0.372491   0.490776
      0.48   0.713285   0.374292   0.490958
      0.49   0.708798   0.376122   0.491455
       0.5   0.698512   0.377049   0.489741
      0.51   0.690687   0.376899   0.487679
      0.52   0.682917   0.377347   0.486099
      0.53   0.675202   0.378716   0.485255
      0.54   0.669567    0.37861   0.483706
      0.55   0.661742   0.380723   0.483355
      0.56   0.652659    0.38117   0.481268
      0.57   0.644397   0.381359   0.479152
      0.58   0.635861   0.381707   0.477044
      0.59   0.631703   0.382778   0.476701
       0.6   0.625356   0.384111   0.475906
      0.61   0.616492   0.384559   0.473657
      0.62   0.605439   0.383699   0.469715
      0.63    0.59838   0.384035   0.467824
      0.64   0.590775   0.381853   0.463876
      0.65   0.581418   0.380692   0.460116
      0.66   0.573594    0.37962   0.456871
      0.67   0.568943   0.378219   0.454379
      0.68   0.562486   0.377151   0.451541
      0.69   0.556686   0.375264   0.448316
       0.7   0.553075   0.375242   0.447125
      0.71   0.546837   0.374918   0.444845
      0.72    0.53863   0.372435   0.440374
      0.73   0.531298   0.371038   0.436936
      0.74    0.52807   0.371012   0.435823
      0.75   0.519151   0.367887   0.430621
      0.76   0.511381   0.366843   0.427218
      0.77   0.499343   0.364842   0.421626
      0.78   0.492011   0.362525   0.417458
      0.79   0.484953   0.360551     0.4136
       0.8   0.476308   0.358862   0.409327
      0.81   0.461534   0.355051    0.40135
      0.82    0.45371   0.353323   0.397273
      0.83     0.4362   0.350028   0.388392
      0.84   0.428759   0.348818   0.384679
      0.85   0.422959   0.348558   0.382171
      0.86   0.415901   0.347141   0.378423
      0.87   0.411469   0.345949   0.375875
      0.88    0.39872   0.345224   0.370048
      0.89   0.393412   0.343855   0.366968
       0.9    0.38619   0.340532   0.361927
      0.91   0.377052   0.337592   0.356232
      0.92   0.373714   0.336355   0.354052
      0.93   0.360637   0.330248   0.344774
      0.94   0.358011   0.329424   0.343123
      0.95   0.349146   0.327198   0.337816
      0.96   0.346684   0.324922   0.335451
      0.97   0.343948   0.323023   0.333157
      0.98   0.341869   0.320856   0.331029
      0.99   0.332348   0.317472    0.32474
