         0          1   0.418411   0.589971
      0.01   0.996329   0.418002   0.588925
      0.02   0.996329   0.420882   0.591777
      0.03   0.995823   0.426536   0.597253
      0.04   0.994462   0.436079   0.606294
      0.05    0.99367   0.440487   0.610392
      0.06   0.993196   0.446528   0.616076
      0.07   0.992658   0.449693   0.618977
      0.08   0.992626   0.454053   0.623089
      0.09   0.992151   0.457437   0.626174
       0.1   0.992088   0.463368   0.631694
      0.11   0.991898   0.469341   0.637183
      0.12   0.991329   0.473398   0.640793
      0.13   0.991044    0.47996   0.646717
      0.14    0.99098   0.483988    0.65035
      0.15   0.990158   0.489461   0.655092
      0.16   0.990063   0.493639   0.658803
      0.17   0.989398   0.499008   0.663418
      0.18   0.989335   0.502523   0.666502
      0.19   0.989082   0.507856   0.671118
       0.2   0.988923   0.511164   0.673963
      0.21   0.988607   0.517124   0.679049
      0.22   0.987942   0.521761   0.682875
      0.23   0.987531    0.52413   0.684802
      0.24   0.986486   0.528085   0.687915
      0.25   0.985505   0.529903   0.689216
      0.26   0.984841   0.532228   0.691017
      0.27   0.984588   0.533721   0.692211
      0.28   0.984018   0.535596   0.693645
      0.29   0.983796   0.536889   0.694673
       0.3     0.9831   0.538985   0.696251
      0.31    0.98272   0.540634   0.697529
      0.32   0.982119   0.541523   0.698117
      0.33   0.981328   0.542593   0.698805
      0.34   0.980094   0.543851   0.699533
      0.35   0.979429   0.544989   0.700304
      0.36   0.978416   0.545314   0.700313
      0.37   0.977562   0.545691   0.700405
      0.38   0.976929   0.546952   0.701279
      0.39   0.976233   0.547914    0.70189
       0.4   0.974872   0.547995   0.701604
      0.41   0.973511   0.548207   0.701425
      0.42    0.97215   0.549542   0.702162
      0.43   0.970979   0.550177   0.702374
      0.44   0.969682   0.551537    0.70314
      0.45   0.969302    0.55251   0.703831
      0.46   0.967593    0.55328   0.704003
      0.47   0.966707   0.553747   0.704147
      0.48   0.965251   0.554768   0.704584
      0.49    0.96446   0.555888   0.705275
       0.5   0.962244   0.556514   0.705184
      0.51   0.960377   0.558211   0.706041
      0.52   0.958605   0.559464   0.706562
      0.53   0.954427    0.56188   0.707342
      0.54   0.952813   0.563568   0.708233
      0.55   0.951484   0.566331   0.710041
      0.56   0.950313   0.568394   0.711332
      0.57   0.945914   0.572395    0.71321
      0.58    0.94449   0.574676   0.714571
      0.59   0.940123   0.579308   0.716874
       0.6   0.937211   0.582116   0.718167
      0.61   0.935281   0.587034   0.721325
      0.62   0.932243   0.593852    0.72553
      0.63   0.929901   0.598212   0.728059
      0.64   0.925976   0.606655   0.733051
      0.65    0.92259   0.611881   0.735779
      0.66   0.919584   0.619158   0.740043
      0.67   0.916799   0.623887   0.742499
      0.68   0.913064   0.630126   0.745657
      0.69   0.908633   0.635216   0.747714
       0.7    0.90281   0.642824   0.750951
      0.71   0.894677   0.649071   0.752336
      0.72   0.888221   0.652267   0.752173
      0.73   0.883442   0.658134   0.754323
      0.74   0.878378   0.661245     0.7545
      0.75   0.874043   0.668342   0.757475
      0.76   0.867143   0.671457   0.756856
      0.77   0.861162   0.676477   0.757728
      0.78   0.857111   0.679884    0.75828
      0.79   0.851636   0.683489   0.758354
       0.8   0.846573   0.685737   0.757714
      0.81   0.839737    0.68946   0.757214
      0.82   0.833597   0.694153   0.757511
      0.83   0.829578   0.696535   0.757257
      0.84   0.821096   0.700083   0.755776
      0.85   0.814482    0.70294   0.754612
      0.86   0.807298   0.703989   0.752113
      0.87   0.802361   0.705875   0.751032
      0.88   0.795462   0.707646   0.748989
      0.89   0.787202    0.70863   0.745852
       0.9   0.776821   0.710465   0.742163
      0.91    0.76508   0.711758   0.737456
      0.92   0.761061   0.713057   0.736277
      0.93   0.751187   0.713094   0.731645
      0.94   0.741155   0.714324   0.727492
      0.95   0.732894   0.716212   0.724457
      0.96   0.728939   0.716572   0.722702
      0.97   0.720679   0.718706   0.719691
      0.98   0.713716   0.719754   0.716722
      0.99   0.708906   0.722118   0.715451
