         0          1   0.223412   0.365227
      0.01   0.999156   0.224816   0.367045
      0.02   0.999156   0.224824   0.367055
      0.03   0.999156   0.224877   0.367126
      0.04   0.999156   0.225649   0.368154
      0.05   0.999156   0.226765   0.369638
      0.06   0.999156   0.229239   0.372918
      0.07   0.999156   0.230886   0.375095
      0.08   0.999156   0.233625   0.378701
      0.09   0.999015   0.235377    0.38099
       0.1   0.999015   0.237741    0.38408
      0.11   0.999015   0.240135   0.387198
      0.12   0.999015   0.241677   0.389201
      0.13   0.999015   0.243825   0.391982
      0.14   0.998945   0.245232   0.393792
      0.15   0.998663   0.247168   0.396261
      0.16   0.998593   0.248559   0.398042
      0.17   0.998382   0.251124   0.401307
      0.18    0.99803   0.252016   0.402416
      0.19   0.997326   0.254733   0.405814
       0.2   0.996552   0.256933   0.408536
      0.21   0.995075   0.258808   0.410777
      0.22   0.994653    0.26142   0.414024
      0.23    0.99402   0.263398   0.416446
      0.24   0.993105   0.266076   0.419704
      0.25   0.992823   0.267941   0.421995
      0.26   0.992261   0.270451    0.42505
      0.27   0.991416   0.272113   0.427022
      0.28   0.989024   0.274648   0.429912
      0.29   0.986773   0.276371   0.431804
       0.3    0.98227   0.279094   0.434681
      0.31   0.980089   0.281799   0.437738
      0.32   0.979455   0.283432   0.439642
      0.33   0.977696   0.286061   0.442617
      0.34     0.9765   0.288032    0.44485
      0.35   0.975375   0.290826   0.448056
      0.36   0.973405   0.291229   0.448325
      0.37   0.969605   0.293376   0.450456
      0.38   0.969324   0.295359    0.45276
      0.39   0.966791   0.297946   0.455512
       0.4   0.965947   0.299435   0.457156
      0.41   0.961866   0.301807   0.459451
      0.42   0.956659    0.30373   0.461074
      0.43   0.955323   0.304956   0.462328
      0.44   0.950609    0.30717   0.464308
      0.45    0.94892   0.308829   0.465997
      0.46   0.945402   0.311499     0.4686
      0.47   0.941814   0.312624   0.469427
      0.48   0.936185   0.314737   0.471095
      0.49   0.932386   0.315715   0.471706
       0.5   0.928164   0.317593   0.473252
      0.51   0.924506   0.320628   0.476129
      0.52   0.918103   0.321778   0.476538
      0.53   0.912474   0.324851   0.479128
      0.54   0.910223   0.326387   0.480482
      0.55   0.906635   0.326461   0.480062
      0.56   0.903398   0.327838    0.48109
      0.57   0.894463    0.32926   0.481335
      0.58   0.891086   0.329824   0.481447
      0.59   0.887708   0.331937   0.483195
       0.6   0.884964   0.333144   0.484063
      0.61   0.877507   0.334047   0.483888
      0.62    0.86836   0.334298   0.482749
      0.63   0.863013   0.335675   0.483348
      0.64   0.855273   0.335875   0.482333
      0.65   0.854007   0.337164   0.483457
      0.66    0.84683   0.336936   0.482068
      0.67   0.843805   0.336556   0.481187
      0.68   0.830085   0.337407   0.479792
      0.69   0.823401   0.337138   0.478398
       0.7   0.813692   0.336474   0.476081
      0.71   0.798635   0.335699   0.472702
      0.72   0.793358   0.336108   0.472177
      0.73   0.783578   0.336092   0.470414
      0.74   0.780834    0.33649   0.470307
      0.75   0.770773   0.336313   0.468294
      0.76   0.764019   0.336414   0.467138
      0.77   0.756068   0.335803   0.465055
      0.78   0.753254   0.335474   0.464206
      0.79   0.743826   0.335442    0.46237
       0.8   0.736298   0.335035   0.460521
      0.81   0.728277   0.334003   0.457971
      0.82   0.705762   0.335632   0.454921
      0.83   0.691128   0.335844    0.45203
      0.84   0.679589   0.337063   0.450625
      0.85   0.675297   0.338106   0.450604
      0.86   0.662562   0.338609   0.448174
      0.87   0.656793   0.337262   0.445672
      0.88   0.638359   0.337385   0.441454
      0.89   0.632097   0.337719   0.440231
       0.9   0.619011   0.336348   0.435863
      0.91   0.606276   0.336437   0.432738
      0.92   0.596637   0.336916   0.430648
      0.93   0.583339   0.337242   0.427396
      0.94   0.570464   0.336964   0.423671
      0.95   0.547386   0.336106   0.416483
      0.96    0.54232   0.337847   0.416333
      0.97     0.5324   0.337105    0.41282
      0.98   0.523042   0.337179   0.410031
      0.99   0.508689   0.337617   0.405863
