         0          1   0.176689   0.300316
      0.01   0.981343   0.165499   0.283232
      0.02   0.981343   0.165234   0.282844
      0.03   0.980603   0.165199   0.282762
      0.04   0.980521    0.16524   0.282818
      0.05   0.979699   0.165712   0.283476
      0.06   0.979288   0.166762   0.284992
      0.07   0.978549   0.167792   0.286463
      0.08   0.977727   0.169546    0.28898
      0.09   0.975179   0.170308   0.289974
       0.1   0.972713   0.171863   0.292114
      0.11   0.971151   0.172753   0.293328
      0.12   0.967946   0.173483   0.294232
      0.13   0.962768   0.174151   0.294949
      0.14   0.961042   0.174331   0.295127
      0.15   0.954138   0.174058   0.294409
      0.16   0.943947   0.173023   0.292442
      0.17   0.934248   0.172904   0.291803
      0.18   0.928413   0.172932   0.291557
      0.19   0.917564   0.173527   0.291858
       0.2   0.913043   0.173145    0.29109
      0.21   0.902688   0.172707   0.289941
      0.22   0.884606   0.171877   0.287829
      0.23   0.877455   0.171173   0.286464
      0.24    0.86036   0.170449   0.284529
      0.25   0.851894   0.170339   0.283909
      0.26   0.830361   0.169637   0.281721
      0.27   0.821649    0.16962   0.281191
      0.28   0.803074   0.169469   0.279876
      0.29   0.793376   0.169435   0.279236
       0.3   0.773568   0.169601   0.278207
      0.31   0.763212   0.170905   0.279273
      0.32   0.758198     0.1719   0.280259
      0.33   0.743158   0.173111    0.28081
      0.34   0.739377   0.173868   0.281533
      0.35   0.732062   0.175433   0.283038
      0.36   0.726391    0.17619   0.283593
      0.37   0.711679   0.177284   0.283857
      0.38   0.698775   0.178018   0.283749
      0.39   0.681433   0.179424   0.284055
       0.4   0.673625   0.180682   0.284937
      0.41   0.669434   0.182137   0.286362
      0.42   0.666146   0.183655   0.287929
      0.43   0.659242    0.18552   0.289556
      0.44   0.652092   0.187467   0.291214
      0.45    0.65053   0.188614   0.292438
      0.46    0.64075   0.189826   0.292884
      0.47   0.633435   0.190256   0.292621
      0.48   0.627106   0.192837    0.29497
      0.49   0.625955   0.195487    0.29793
       0.5   0.613216   0.199083   0.300581
      0.51   0.596614   0.202014   0.301828
      0.52   0.581737   0.202355   0.300264
      0.53    0.57582   0.206051   0.303499
      0.54   0.565053   0.207688   0.303736
      0.55    0.55667   0.210511   0.305495
      0.56     0.5533   0.213713   0.308333
      0.57   0.548944   0.218409   0.312489
      0.58   0.547382   0.221832   0.315717
      0.59    0.53793   0.226072   0.318352
       0.6   0.528643   0.229155   0.319719
      0.61   0.524698   0.232632   0.322347
      0.62    0.51278     0.2359   0.323142
      0.63   0.506123   0.237943   0.323703
      0.64   0.499384   0.241892   0.325916
      0.65   0.495767   0.244073   0.327107
      0.66   0.486891   0.246265   0.327091
      0.67   0.482863   0.247926   0.327631
      0.68   0.480973   0.254605   0.332957
      0.69   0.477686   0.255996   0.333348
       0.7   0.472919   0.258072   0.333923
      0.71   0.467083   0.261791   0.335526
      0.72   0.453193   0.262954   0.332806
      0.73    0.43733   0.264588   0.329703
      0.74    0.42944    0.26625   0.328705
      0.75   0.420235   0.270255   0.328957
      0.76   0.417852   0.272338   0.329755
      0.77   0.415222    0.27451   0.330512
      0.78   0.414071   0.275595   0.330931
      0.79   0.406427   0.278357   0.330416
       0.8   0.405441   0.277847   0.329731
      0.81   0.401249   0.278396   0.328719
      0.82   0.390154   0.277814   0.324537
      0.83   0.388756   0.278183   0.324304
      0.84   0.381277   0.278347   0.321781
      0.85   0.376428   0.279749   0.320967
      0.86   0.367305   0.280357   0.317995
      0.87   0.363031   0.280842   0.316691
      0.88   0.359744   0.283643   0.317193
      0.89   0.357935   0.283515   0.316408
       0.9   0.349552    0.28434   0.313592
      0.91   0.336731   0.284483   0.308409
      0.92   0.324566   0.284863   0.303421
      0.93   0.316183   0.286063    0.30037
      0.94   0.314539   0.287779   0.300565
      0.95   0.307389   0.288861   0.297837
      0.96   0.306896   0.291166   0.298824
      0.97   0.304841   0.292823   0.298711
      0.98   0.299745   0.293647   0.296665
      0.99   0.299581   0.295794   0.297675
