         0          1   0.263807   0.417479
      0.01   0.998716   0.262547   0.415789
      0.02   0.998716    0.30193   0.463681
      0.03   0.998716   0.338571   0.505704
      0.04   0.998678   0.357825   0.526872
      0.05   0.998565   0.365183   0.534789
      0.06   0.997847   0.376799   0.547032
      0.07   0.997696   0.386104   0.556748
      0.08   0.997432   0.402219   0.573265
      0.09   0.996298   0.414756   0.585691
       0.1   0.995392   0.430644    0.60119
      0.11   0.994901   0.445926    0.61583
      0.12   0.994221   0.454285   0.623622
      0.13   0.993805   0.465029   0.633586
      0.14   0.993352   0.470414   0.638472
      0.15   0.992521   0.478114   0.645351
      0.16   0.991955   0.483182   0.649831
      0.17   0.990482   0.488768   0.654542
      0.18   0.989688   0.491884   0.657156
      0.19    0.98916   0.494792   0.659628
       0.2   0.988102   0.496868   0.661234
      0.21    0.98406   0.500539    0.66356
      0.22   0.980246   0.502083   0.664042
      0.23   0.978055   0.503583   0.664848
      0.24   0.973787   0.504931   0.665029
      0.25   0.969481   0.505613   0.664612
      0.26   0.957469   0.505935   0.662041
      0.27    0.95475   0.506861   0.662181
      0.28   0.944514   0.507139   0.659937
      0.29   0.943683   0.508877   0.661203
       0.3   0.940548   0.510587    0.66187
      0.31   0.936204   0.512846   0.662681
      0.32   0.933862   0.514481   0.663453
      0.33    0.92525   0.518023   0.664186
      0.34   0.919736   0.520839    0.66506
      0.35    0.91577   0.523045    0.66581
      0.36   0.912219   0.524585   0.666112
      0.37   0.905949   0.526791     0.6662
      0.38   0.903041   0.527659   0.666104
      0.39    0.89779   0.528955   0.665698
       0.4   0.895486   0.529894   0.665805
      0.41    0.88695   0.531037   0.664326
      0.42   0.882115   0.532598   0.664181
      0.43   0.877771   0.533783   0.663863
      0.44   0.872635   0.534628   0.663039
      0.45   0.864778   0.534917   0.660979
      0.46    0.85881   0.535276   0.659501
      0.47   0.855864   0.537218   0.660098
      0.48   0.847705    0.53653   0.657142
      0.49   0.840189   0.536432   0.654798
       0.5   0.835279    0.53662   0.653441
      0.51    0.82406   0.535304   0.649013
      0.52   0.819981   0.536214    0.64841
      0.53    0.80729   0.537645   0.645437
      0.54   0.801322   0.539019   0.644504
      0.55   0.789084   0.538921    0.64044
      0.56   0.779566   0.539102   0.637409
      0.57   0.772918   0.546574   0.640333
      0.58   0.766119   0.550172   0.640432
      0.59   0.756978   0.554856   0.640346
       0.6   0.748102   0.556103    0.63797
      0.61   0.738546   0.558422   0.635976
      0.62   0.727214   0.560048   0.632777
      0.63   0.722908   0.560286   0.631293
      0.64   0.708366   0.560584    0.62587
      0.65   0.702361   0.560817   0.623659
      0.66   0.696544   0.563505   0.623001
      0.67   0.688801   0.564931   0.620747
      0.68    0.68593   0.564967     0.6196
      0.69   0.678678    0.56542   0.616894
       0.7   0.663343   0.565647   0.610612
      0.71    0.66085   0.564805   0.609065
      0.72   0.657299   0.567318   0.609003
      0.73   0.652918   0.566569   0.606686
      0.74   0.639358   0.566162   0.600538
      0.75   0.629235   0.566623    0.59629
      0.76   0.622814   0.565909   0.592999
      0.77   0.616619   0.564953   0.589656
      0.78   0.610652   0.563786   0.586284
      0.79   0.604948   0.562398   0.582898
       0.8   0.599396   0.560854   0.579485
      0.81   0.591161    0.55819   0.574203
      0.82   0.584778   0.555143   0.569576
      0.83   0.577904   0.553544   0.565462
      0.84   0.575751   0.553143    0.56422
      0.85   0.573673   0.552645   0.562963
      0.86   0.566119   0.552191   0.559068
      0.87   0.565288   0.551427   0.558271
      0.88    0.55966   0.550055   0.554816
      0.89   0.557243   0.547207   0.552179
       0.9   0.544136   0.542368   0.543251
      0.91   0.532162   0.536977   0.534559
      0.92   0.518074    0.53276   0.525314
      0.93   0.504363    0.52662   0.515251
      0.94   0.484495   0.521027   0.502097
      0.95   0.469273   0.513454    0.49037
      0.96   0.449896   0.510363   0.478226
      0.97   0.413787   0.501662   0.453507
      0.98   0.390708   0.498148   0.437935
      0.99   0.372767   0.491385   0.423935
