         0          1   0.181029   0.306561
      0.01   0.999569    0.17798   0.302159
      0.02   0.999569   0.178693   0.303185
      0.03   0.998815   0.179662   0.304544
      0.04    0.99763   0.181367   0.306935
      0.05   0.997307   0.182576   0.308648
      0.06   0.994291   0.184313   0.310979
      0.07   0.994184   0.185173   0.312197
      0.08   0.989875   0.185851   0.312946
      0.09   0.988583   0.186417   0.313683
       0.1   0.984274   0.187427   0.314892
      0.11    0.98212   0.188615   0.316455
      0.12   0.980181   0.189437    0.31751
      0.13    0.97598   0.190946   0.319402
      0.14   0.970702   0.191333   0.319659
      0.15   0.963916   0.192652   0.321123
      0.16   0.957669   0.193283   0.321649
      0.17   0.952283   0.194703   0.323303
      0.18   0.946682   0.195398   0.323934
      0.19   0.933865   0.196476   0.324649
       0.2   0.927617    0.19717   0.325214
      0.21   0.920078   0.197988   0.325857
      0.22   0.909091   0.199097   0.326654
      0.23   0.901551   0.199506   0.326713
      0.24   0.888087   0.200053   0.326547
      0.25    0.88087   0.200472   0.326612
      0.26   0.862452   0.201283   0.326392
      0.27   0.848449   0.201528   0.325696
      0.28   0.837031   0.202031   0.325498
      0.29   0.826691   0.203086   0.326069
       0.3   0.820767   0.203518   0.326161
      0.31   0.813012   0.205347    0.32788
      0.32   0.805364   0.206232   0.328376
      0.33    0.80084   0.206888   0.328827
      0.34   0.791038   0.207425   0.328667
      0.35   0.786084   0.208464   0.329537
      0.36   0.783391   0.208344   0.329151
      0.37   0.780483   0.209688   0.330565
      0.38   0.779729   0.210138   0.331056
      0.39   0.766695   0.211045   0.330982
       0.4   0.763679   0.211736   0.331548
      0.41   0.754201   0.211918   0.330867
      0.42   0.742783   0.211781    0.32959
      0.43   0.741168    0.21284   0.330711
      0.44   0.733735   0.214203     0.3316
      0.45   0.719841   0.214876   0.330959
      0.46   0.708315   0.216055   0.331112
      0.47   0.706161   0.217033   0.332021
      0.48   0.698837   0.217652   0.331927
      0.49   0.696252   0.218353   0.332446
       0.5   0.687312   0.219792   0.333072
      0.51   0.682249   0.220723   0.333538
      0.52   0.678479   0.221741   0.334245
      0.53   0.675355   0.223555   0.335916
      0.54   0.671909   0.225233   0.337374
      0.55   0.670832   0.227846   0.340158
      0.56   0.665661   0.228546   0.340266
      0.57   0.655536   0.229975   0.340497
      0.58   0.653059     0.2313   0.341609
      0.59   0.646273    0.23301   0.342524
       0.6   0.638626   0.233981   0.342482
      0.61    0.63464   0.235943   0.343996
      0.62   0.624838     0.2372   0.343863
      0.63   0.621392   0.238708   0.344916
      0.64   0.617945   0.240212   0.345946
      0.65   0.615252   0.241992   0.347359
      0.66   0.611159   0.243821   0.348578
      0.67   0.607174   0.245023   0.349148
      0.68    0.60545   0.247148   0.351011
      0.69   0.602542   0.248697   0.352076
       0.7   0.595325   0.250501   0.352625
      0.71   0.591017   0.252256   0.353593
      0.72   0.582831   0.252539   0.352389
      0.73   0.581215   0.254732   0.354219
      0.74   0.578091   0.254703   0.353609
      0.75   0.573244   0.256338   0.354261
      0.76   0.572275   0.257957   0.355617
      0.77   0.569798   0.260467   0.357508
      0.78   0.566889   0.262622   0.358952
      0.79    0.56452   0.263056   0.358881
       0.8   0.562258   0.263381   0.358724
      0.81    0.56075   0.265524   0.360395
      0.82   0.558811   0.267613   0.361909
      0.83   0.556118    0.26831   0.361977
      0.84   0.552564   0.270376   0.363089
      0.85   0.549332   0.272991   0.364729
      0.86   0.539423    0.27399   0.363399
      0.87   0.535653   0.275745   0.364072
      0.88    0.53156   0.278121   0.365176
      0.89   0.529405   0.280071   0.366338
       0.9   0.525205   0.282521   0.367405
      0.91    0.52305   0.282399   0.366774
      0.92   0.520142   0.284316   0.367663
      0.93   0.516372   0.286842   0.368811
      0.94   0.512279   0.287944   0.368667
      0.95   0.506247   0.288079   0.367203
      0.96   0.504955   0.289527   0.368034
      0.97   0.503124   0.291238   0.368922
      0.98   0.497953   0.292927   0.368865
      0.99   0.495907   0.295751   0.370526
