         0          1   0.235879   0.381719
      0.01   0.997739   0.247278    0.39633
      0.02   0.997103   0.269486   0.424298
      0.03    0.99682   0.299301   0.460372
      0.04   0.993358   0.336821   0.503066
      0.05    0.99244   0.348452   0.515802
      0.06   0.988483   0.354161   0.521481
      0.07   0.987423   0.359912   0.527539
      0.08   0.985939   0.366355   0.534209
      0.09   0.981841   0.369608   0.537047
       0.1   0.979368   0.374754   0.542081
      0.11   0.974352   0.378267   0.544965
      0.12   0.970678   0.380952   0.547164
      0.13   0.964036   0.387008   0.552298
      0.14   0.960786   0.390096   0.554894
      0.15   0.950117   0.396391   0.559399
      0.16   0.946796   0.401084   0.563469
      0.17   0.938317    0.40967   0.570333
      0.18   0.929768   0.414315   0.573204
      0.19   0.920158   0.423201   0.579759
       0.2   0.914718   0.427805   0.582964
      0.21   0.908359   0.436493   0.589644
      0.22   0.896347   0.443243   0.593166
      0.23    0.88808   0.461776   0.607612
      0.24   0.876705   0.471438   0.613157
      0.25   0.864764   0.476469    0.61441
      0.26   0.852257   0.484205   0.617552
      0.27   0.844415   0.488222   0.618716
      0.28    0.82781   0.494075   0.618813
      0.29   0.818484   0.497595   0.618919
       0.3   0.809652   0.502813   0.620365
      0.31   0.790221   0.509855   0.619807
      0.32   0.783509   0.514396   0.621053
      0.33   0.777786   0.523536   0.625823
      0.34   0.772416   0.529232   0.628107
      0.35   0.763018   0.535969    0.62965
      0.36   0.752703   0.538891     0.6281
      0.37    0.74055   0.544833   0.627791
      0.38   0.732848    0.54864   0.627504
      0.39    0.71907   0.554008   0.625838
       0.4   0.709955   0.556653   0.624027
      0.41   0.698227   0.560737   0.621974
      0.42   0.680209   0.564421   0.616929
      0.43   0.672296   0.567943   0.615729
      0.44   0.664311   0.575197   0.616551
      0.45   0.651947    0.57732   0.612368
      0.46   0.639723   0.581846   0.609414
      0.47   0.633081   0.584563   0.607855
      0.48   0.628913   0.591241   0.609495
      0.49   0.625168   0.594602   0.609502
       0.5   0.615205   0.598307   0.606639
      0.51   0.610966   0.602197    0.60655
      0.52   0.610259   0.605857    0.60805
      0.53   0.608987   0.612355   0.610666
      0.54   0.606938   0.618005   0.612422
      0.55    0.60065   0.623478   0.611851
      0.56   0.599873   0.627693   0.613468
      0.57   0.590829   0.633117   0.611242
      0.58   0.585318   0.636184   0.609691
      0.59   0.577404   0.639085   0.606681
       0.6   0.571469   0.643321    0.60527
      0.61   0.564474   0.644127   0.601676
      0.62   0.557338   0.646892   0.598785
      0.63   0.553028   0.647776   0.596664
      0.64   0.545114   0.649686   0.592824
      0.65   0.541511   0.650841   0.591163
      0.66   0.536494   0.654066   0.589475
      0.67   0.532961   0.657895   0.588875
      0.68   0.528227   0.661252   0.587301
      0.69   0.524482   0.663192   0.585737
       0.7   0.522928   0.662995    0.58469
      0.71   0.521727   0.662112   0.583596
      0.72   0.515862   0.660369   0.579239
      0.73   0.509221   0.660653   0.575136
      0.74    0.50378   0.659121   0.571075
      0.75   0.497492   0.657016   0.566233
      0.76   0.489931   0.655204   0.560641
      0.77   0.484703   0.653296   0.556511
      0.78   0.478273   0.653613   0.552362
      0.79   0.474175   0.651926   0.549022
       0.8   0.471773   0.651442   0.547238
      0.81   0.465696   0.649505   0.542453
      0.82   0.457147   0.646465   0.535568
      0.83   0.453685   0.646516   0.533202
      0.84   0.443086   0.642259   0.524398
      0.85   0.439553   0.640633   0.521378
      0.86   0.433124   0.637097   0.515673
      0.87   0.426482   0.634929   0.510237
      0.88   0.416731   0.630641   0.501842
      0.89   0.413199   0.628249   0.498521
       0.9   0.399279   0.623197    0.48672
      0.91   0.394263   0.620588   0.482189
      0.92   0.390377    0.61735   0.478302
      0.93   0.381121   0.610437   0.469262
      0.94   0.372642   0.608856   0.462324
      0.95   0.357521   0.603513   0.449035
      0.96   0.353777   0.601657   0.445561
      0.97    0.34657   0.597931   0.438803
      0.98   0.340211   0.594912   0.432874
      0.99   0.335265   0.590849   0.427789
