         0          1   0.265439    0.41952
      0.01   0.998243   0.256709   0.408395
      0.02   0.998243   0.256989   0.408749
      0.03   0.998203   0.258043   0.410078
      0.04   0.998203   0.260659   0.413374
      0.05   0.998163   0.262738   0.415981
      0.06   0.997843   0.265519    0.41943
      0.07   0.997444    0.26715   0.421427
      0.08   0.994089   0.269228   0.423704
      0.09   0.992651   0.270953   0.425706
       0.1   0.989057   0.273884   0.428978
      0.11   0.984145     0.2772   0.432562
      0.12   0.983506   0.279368   0.435135
      0.13   0.981589   0.282877   0.439187
      0.14   0.979272    0.28541      0.442
      0.15   0.975079   0.289274    0.44618
      0.16   0.973881   0.291632   0.448853
      0.17   0.971924   0.295087   0.452723
      0.18   0.968449   0.297637   0.455334
      0.19   0.962419   0.301564   0.459232
       0.2   0.959144   0.303523   0.461122
      0.21   0.954511   0.307944   0.465658
      0.22   0.951915   0.312157   0.470143
      0.23   0.950038   0.314405   0.472456
      0.24   0.947083    0.31729   0.475334
      0.25   0.943129    0.31929   0.477071
      0.26   0.936859   0.323446   0.480873
      0.27   0.936459   0.325536   0.483126
      0.28   0.930349   0.328276    0.48531
      0.29   0.927353    0.33099   0.487855
       0.3   0.922241   0.334878   0.491343
      0.31   0.917009   0.338822   0.494816
      0.32   0.910859   0.340882   0.496102
      0.33   0.901833   0.342603   0.496563
      0.34   0.894764   0.344326   0.497285
      0.35    0.89073   0.348764    0.50126
      0.36   0.888574   0.350654   0.502865
      0.37   0.877351   0.352682   0.503118
      0.38   0.873517   0.354885   0.504717
      0.39   0.866169   0.357829    0.50644
       0.4   0.861895   0.360809   0.508675
      0.41    0.85239   0.364301   0.510445
      0.42   0.850234   0.367994   0.513666
      0.43   0.848756   0.371157   0.516465
      0.44   0.847039   0.374718   0.519581
      0.45   0.843604   0.376822   0.520947
      0.46   0.842286   0.381559     0.5252
      0.47   0.837134   0.383446   0.525972
      0.48   0.835417   0.388107   0.529995
      0.49   0.833699   0.390832   0.532182
       0.5   0.828308   0.395968     0.5358
      0.51   0.825832   0.400409   0.539324
      0.52   0.823276   0.402895   0.541024
      0.53    0.82072   0.407071   0.544215
      0.54   0.817285    0.41002   0.546079
      0.55   0.809737   0.412898   0.546915
      0.56   0.808978    0.41594   0.549402
      0.57   0.802468   0.418996   0.550537
      0.58   0.799313    0.42196   0.552339
      0.59   0.792763   0.424477   0.552906
       0.6   0.788131   0.425181    0.55237
      0.61   0.783897   0.428229   0.553882
      0.62    0.76924   0.430767   0.552269
      0.63   0.767962   0.432922   0.553705
      0.64   0.764328   0.435735   0.555045
      0.65   0.760214   0.438113   0.555875
      0.66   0.752227   0.439899   0.555149
      0.67    0.75027   0.441189   0.555639
      0.68   0.743081   0.442886    0.55499
      0.69   0.738807   0.444314   0.554909
       0.7   0.734814   0.446007   0.555092
      0.71   0.723152   0.445156    0.55108
      0.72   0.719198    0.44666   0.551074
      0.73    0.71141   0.448178   0.549917
      0.74   0.707057   0.450289    0.55019
      0.75   0.704181   0.451322   0.550085
      0.76   0.700547   0.451779   0.549311
      0.77   0.691322    0.45123    0.54605
      0.78   0.685171   0.452422   0.544986
      0.79   0.678701   0.453556   0.543744
       0.8   0.676784   0.454416   0.543744
      0.81    0.66656   0.455154   0.540935
      0.82   0.659731   0.457633   0.540405
      0.83   0.657854   0.458872   0.540635
      0.84   0.652422   0.460348   0.539808
      0.85   0.651464    0.46127   0.540113
      0.86   0.644075   0.463154   0.538833
      0.87   0.640641   0.464831   0.538756
      0.88   0.631495   0.465135   0.535697
      0.89   0.624586   0.466056   0.533799
       0.9   0.618196   0.466496   0.531738
      0.91   0.606733   0.465046   0.526524
      0.92    0.60274   0.465612   0.525375
      0.93   0.599984   0.464518   0.523631
      0.94   0.591238   0.465545   0.520916
      0.95   0.584129   0.466605   0.518794
      0.96   0.579776   0.466385   0.516935
      0.97   0.574983    0.46598   0.514774
      0.98   0.567555   0.465049   0.511214
      0.99   0.555973    0.46425   0.505988
