         0          1    0.32957   0.495755
      0.01   0.999617   0.331613   0.498015
      0.02   0.999575   0.336667   0.503687
      0.03   0.999575   0.347735   0.515972
      0.04   0.999575   0.366837   0.536706
      0.05   0.999532   0.374877   0.545254
      0.06   0.999319   0.381544   0.552241
      0.07   0.999277   0.384196   0.555007
      0.08   0.999106    0.38731   0.558222
      0.09   0.999064    0.38941   0.560393
       0.1   0.999021   0.392184   0.563253
      0.11   0.998213   0.394793   0.565809
      0.12   0.997447   0.397087   0.568036
      0.13   0.996936   0.400688   0.571628
      0.14   0.996383   0.403642   0.574536
      0.15   0.995958   0.408055    0.57892
      0.16   0.995617   0.411141   0.581961
      0.17   0.994511   0.415101   0.585725
      0.18   0.992554   0.418343   0.588601
      0.19   0.990554   0.423757   0.593581
       0.2   0.989958   0.427697   0.597328
      0.21   0.988001   0.433598   0.602695
      0.22   0.987193   0.440187   0.608877
      0.23   0.986682   0.443474   0.611916
      0.24   0.984682   0.449635   0.617364
      0.25    0.98247   0.453019   0.620106
      0.26   0.978683   0.457903   0.623898
      0.27    0.97664   0.461538   0.626844
      0.28   0.975832   0.467141   0.631822
      0.29   0.974172   0.471089   0.635071
       0.3   0.970385   0.476815   0.639433
      0.31   0.966471   0.481839   0.643072
      0.32   0.964812   0.485523   0.645972
      0.33   0.963578   0.491831    0.65125
      0.34   0.962173   0.493805   0.652656
      0.35   0.958557    0.49889   0.656236
      0.36   0.956514   0.501162   0.657716
      0.37   0.952387    0.50451   0.659606
      0.38   0.946685   0.507263   0.660572
      0.39   0.943324    0.51357   0.665063
       0.4   0.940814   0.515626   0.666156
      0.41   0.932814   0.519831   0.667618
      0.42   0.925836   0.525253   0.670252
      0.43   0.919752   0.528798   0.671517
      0.44   0.913795    0.53418   0.674226
      0.45   0.911199   0.537344   0.676027
      0.46   0.905072    0.54142   0.677534
      0.47   0.900519   0.544706   0.678812
      0.48   0.892733   0.549158   0.680012
      0.49   0.888903   0.552006    0.68107
       0.5   0.883457   0.556381   0.682769
      0.51   0.880095   0.560192   0.684617
      0.52   0.875968   0.563091   0.685517
      0.53   0.870734   0.568073    0.68757
      0.54   0.868692   0.570834   0.688948
      0.55   0.859757   0.575096   0.689189
      0.56   0.846354   0.577053   0.686228
      0.57   0.839333   0.582468   0.687697
      0.58   0.834908   0.586423   0.688945
      0.59   0.828483   0.590858   0.689779
       0.6   0.824526   0.594554   0.690906
      0.61   0.818781   0.599531   0.692209
      0.62   0.808442   0.604769   0.691929
      0.63   0.798017   0.608131   0.690253
      0.64   0.788358   0.614458   0.690629
      0.65   0.785125   0.616726   0.690811
      0.66   0.780402   0.620896   0.691571
      0.67   0.778529   0.623207   0.692263
      0.68   0.771296   0.627704   0.692131
      0.69   0.767892    0.63097    0.69273
       0.7   0.758829   0.633463   0.690502
      0.71   0.754489   0.636106   0.690259
      0.72   0.748277   0.636676    0.68798
      0.73    0.74249   0.639503   0.687159
      0.74    0.73632   0.639798   0.684674
      0.75   0.730193   0.640863   0.682618
      0.76   0.726321   0.641382   0.681214
      0.77   0.713386    0.64407   0.676959
      0.78   0.707557     0.6456    0.67516
      0.79   0.702323   0.647901   0.674015
       0.8   0.695941   0.648622   0.671449
      0.81   0.693175   0.649635   0.670699
      0.82   0.687601   0.652534   0.669609
      0.83   0.685346   0.653833   0.669219
      0.84   0.681814   0.654776   0.668022
      0.85    0.68007   0.653853   0.666704
      0.86   0.665348   0.654445   0.659851
      0.87   0.662752   0.655791   0.659253
      0.88   0.658582   0.655886   0.657231
      0.89   0.652072   0.656127   0.654093
       0.9   0.644796   0.656799   0.650742
      0.91   0.636414   0.657393   0.646733
      0.92   0.632329   0.657645   0.644739
      0.93   0.618883   0.657333   0.637529
      0.94   0.612629    0.65783   0.634425
      0.95   0.604204    0.65703   0.629511
      0.96   0.602417   0.657817   0.628899
      0.97   0.582759   0.657198   0.617744
      0.98   0.577185   0.656223   0.614171
      0.99   0.568803   0.656561   0.609539
