         0          1   0.256164   0.407851
      0.01   0.999304   0.249236   0.398966
      0.02   0.999304   0.254917   0.406211
      0.03   0.998839   0.258221   0.410356
      0.04   0.998839   0.262062   0.415191
      0.05   0.998259   0.265076   0.418914
      0.06   0.998201   0.269749   0.424723
      0.07   0.998201   0.273659   0.429555
      0.08   0.998201   0.281027   0.438579
      0.09   0.998201   0.287735   0.446706
       0.1   0.998143   0.298405   0.459453
      0.11   0.997969   0.310272   0.473371
      0.12   0.997911   0.318405   0.482772
      0.13   0.997156   0.330939   0.496949
      0.14   0.996634   0.339283   0.506231
      0.15   0.995473   0.352199   0.520311
      0.16   0.995009   0.359974   0.528682
      0.17   0.993906   0.371871   0.541238
      0.18   0.993906   0.379149   0.548905
      0.19   0.986071   0.391047   0.560011
       0.2   0.983807   0.397135   0.565852
      0.21   0.982763   0.406246   0.574861
      0.22   0.982182   0.416427   0.584877
      0.23   0.982182   0.422522   0.590863
      0.24   0.981428   0.429984   0.597981
      0.25   0.980731   0.435062   0.602742
      0.26   0.980441   0.441602   0.608934
      0.27   0.979571   0.445949   0.612883
      0.28   0.979048   0.451135   0.617659
      0.29     0.9787    0.45484   0.621053
       0.3    0.97812   0.459766    0.62551
      0.31   0.977075   0.463831   0.629045
      0.32   0.977075   0.466555   0.631546
      0.33   0.976553   0.471427   0.635884
      0.34   0.976204   0.472885   0.637134
      0.35   0.975914   0.476659   0.640489
      0.36   0.975566   0.478561   0.642128
      0.37   0.974579   0.482444   0.645398
      0.38   0.974347   0.484611   0.647283
      0.39   0.972838   0.487617   0.649623
       0.4   0.972432   0.490216   0.651833
      0.41   0.967731   0.492902   0.653137
      0.42   0.966512   0.495787   0.655384
      0.43   0.965235    0.49711   0.656245
      0.44   0.962333   0.499134    0.65733
      0.45   0.959025   0.499563   0.656927
      0.46   0.957516    0.50143   0.658184
      0.47    0.95682    0.50174   0.658286
      0.48   0.955136   0.504036   0.659857
      0.49   0.954092    0.50407   0.659637
       0.5   0.952176   0.504996   0.659971
      0.51    0.94852   0.505117   0.659193
      0.52   0.945444   0.505115   0.658447
      0.53   0.941904   0.505344    0.65778
      0.54   0.935577   0.504961   0.655908
      0.55   0.930528   0.505022   0.654714
      0.56   0.924028   0.504463    0.65263
      0.57   0.918108   0.503686     0.6505
      0.58    0.91451   0.504282    0.65009
      0.59   0.904237   0.504228    0.64743
       0.6   0.901393    0.50507   0.647392
      0.61   0.896808   0.506137   0.647078
      0.62   0.892397   0.506151   0.645938
      0.63   0.888857   0.506562   0.645342
      0.64   0.885955   0.507802   0.645578
      0.65   0.881021   0.508105   0.644508
      0.66   0.870807   0.508885   0.642376
      0.67   0.868369   0.509568   0.642254
      0.68   0.862914   0.510255     0.6413
      0.69   0.858735   0.510987   0.640717
       0.7   0.856297   0.511431   0.640386
      0.71   0.852002   0.511846   0.639505
      0.72   0.849681   0.512682   0.639501
      0.73   0.843122   0.513704   0.638424
      0.74   0.841904   0.514339   0.638564
      0.75   0.841149   0.514971   0.638833
      0.76   0.840163   0.516544   0.639756
      0.77   0.835694   0.517681   0.639325
      0.78   0.832501   0.518876   0.639296
      0.79   0.831167   0.519157   0.639115
       0.8    0.82455   0.520114    0.63787
      0.81     0.8213    0.52228   0.638516
      0.82   0.818456   0.522924   0.638134
      0.83   0.816715   0.524204   0.638555
      0.84   0.812594    0.52585   0.638507
      0.85   0.811027   0.526562   0.638546
      0.86   0.804295   0.527744   0.637311
      0.87   0.800929   0.529039   0.637192
      0.88   0.798549   0.531729    0.63838
      0.89   0.795995   0.531851   0.637651
       0.9   0.789901   0.532854   0.636402
      0.91    0.78549    0.53356   0.635467
      0.92   0.777307    0.53377    0.63292
      0.93   0.772084   0.534683   0.631819
      0.94    0.76715   0.534047   0.629719
      0.95   0.760128   0.533875   0.627222
      0.96   0.756645   0.534153   0.626224
      0.97   0.748926   0.533967   0.623438
      0.98    0.74794   0.535017    0.62381
      0.99   0.743645   0.535204   0.622437
