         0          1   0.382258   0.553092
      0.01   0.998497   0.425723   0.596934
      0.02   0.998497   0.435191    0.60618
      0.03   0.998461   0.449047   0.619487
      0.04   0.997423   0.470738    0.63961
      0.05   0.996922   0.482586   0.650352
      0.06    0.99592   0.494354   0.660733
      0.07   0.995025   0.500021   0.665576
      0.08    0.99481     0.5053   0.670188
      0.09    0.99388   0.508628   0.672895
       0.1   0.993414   0.511905   0.675649
      0.11   0.992698   0.513759   0.677095
      0.12    0.99234   0.515629   0.678633
      0.13   0.991839   0.518777   0.681237
      0.14   0.991481   0.520939   0.683013
      0.15   0.990157   0.522981   0.684449
      0.16   0.989513   0.524275   0.685402
      0.17   0.985719   0.524557    0.68473
      0.18   0.983858    0.52528   0.684896
      0.19   0.978346   0.526731   0.684782
       0.2   0.974265   0.527533   0.684456
      0.21   0.970257   0.528952   0.684654
      0.22   0.964351   0.530127   0.684156
      0.23   0.963921    0.53159   0.685265
      0.24   0.961237     0.5331   0.685837
      0.25    0.95687   0.533747   0.685256
      0.26   0.953291   0.535796   0.686017
      0.27   0.948602   0.537026   0.685803
      0.28   0.943914   0.539098   0.686255
      0.29    0.93858   0.539674   0.685305
       0.3   0.934429   0.541294   0.685495
      0.31   0.931959   0.543175   0.686333
      0.32   0.929704   0.544044   0.686413
      0.33   0.927055   0.546074     0.6873
      0.34   0.923548   0.546761   0.686876
      0.35   0.918752   0.548001   0.686519
      0.36   0.915852   0.548539   0.686129
      0.37   0.912309   0.550048   0.686308
      0.38   0.911522   0.551209   0.686988
      0.39   0.906904   0.551823   0.686147
       0.4   0.905007   0.552807   0.686362
      0.41    0.90039   0.553254   0.685373
      0.42   0.894663   0.554166   0.684404
      0.43   0.892408   0.554295   0.683841
      0.44   0.886682   0.555263   0.682885
      0.45   0.883747     0.5557   0.682343
      0.46   0.879559   0.555658   0.681059
      0.47   0.876946   0.556188   0.680672
      0.48   0.870933   0.557748   0.680013
      0.49   0.865779   0.558286   0.678835
       0.5   0.857976    0.55814   0.676315
      0.51   0.853681   0.560365   0.676602
      0.52    0.84935   0.561238   0.675871
      0.53   0.843373   0.561036   0.673825
      0.54   0.840331   0.562028   0.673564
      0.55   0.835212   0.563061   0.672652
      0.56   0.831955   0.564129   0.672352
      0.57   0.829414    0.56538   0.672406
      0.58   0.824439   0.566216   0.671353
      0.59    0.81635   0.567599   0.669619
       0.6   0.813272   0.567674   0.668633
      0.61   0.809907   0.569268   0.668594
      0.62   0.805755   0.570079   0.667732
      0.63   0.801102   0.571177   0.666877
      0.64   0.796485   0.571996   0.665828
      0.65   0.792548    0.57275   0.664956
      0.66   0.787967   0.573489   0.663834
      0.67   0.780665    0.57327   0.661083
      0.68   0.772111   0.574786   0.658994
      0.69   0.768531   0.574976   0.657812
       0.7   0.758259   0.576259   0.654849
      0.71   0.751244   0.577203   0.652823
      0.72   0.749848   0.579101   0.653505
      0.73   0.740578    0.58068   0.650953
      0.74   0.735603   0.581446   0.649502
      0.75   0.730305   0.583455   0.648673
      0.76   0.729267   0.585456   0.649496
      0.77   0.718172   0.586798   0.645872
      0.78   0.716812    0.58798   0.646036
      0.79    0.71155   0.590675   0.645502
       0.8   0.709403   0.592029   0.645423
      0.81   0.704857     0.5946   0.645051
      0.82   0.699667   0.597333   0.644463
      0.83   0.695873   0.598864   0.643735
      0.84    0.69233   0.602118    0.64408
      0.85    0.68986   0.604436   0.644329
      0.86   0.688464   0.606316   0.644784
      0.87   0.686675   0.608601   0.645285
      0.88   0.682666   0.610152   0.644375
      0.89   0.681019   0.612536   0.644965
       0.9    0.67404   0.614688   0.642997
      0.91   0.671212   0.617156    0.64305
      0.92   0.670246   0.619173   0.643698
      0.93    0.66817   0.620682   0.643551
      0.94   0.663624   0.622589   0.642452
      0.95   0.657719   0.624617   0.640741
      0.96   0.654855   0.625744   0.639969
      0.97   0.650596   0.629001   0.639616
      0.98   0.647589   0.630465   0.638913
      0.99   0.643831   0.633263   0.638503
