         0          1   0.173626   0.295879
      0.01   0.998351   0.174589   0.297203
      0.02   0.998351    0.19745   0.329694
      0.03   0.997769   0.240706   0.387847
      0.04   0.986224   0.327921   0.492188
      0.05   0.972546   0.383431   0.550016
      0.06   0.942278   0.452128   0.611056
      0.07   0.919092   0.483201     0.6334
      0.08   0.884168   0.507024   0.644475
      0.09    0.86622   0.514112   0.645256
       0.1   0.836438    0.51639   0.638556
      0.11    0.82014   0.520239   0.636639
      0.12   0.810536   0.517176   0.631447
      0.13   0.794043   0.518863   0.627615
      0.14   0.781626    0.52049   0.624873
      0.15    0.77629   0.522518   0.624612
      0.16   0.769305   0.524217   0.623542
      0.17   0.763388   0.523709   0.621232
      0.18   0.759022   0.522733   0.619098
      0.19   0.745149   0.520777   0.613079
       0.2   0.743985   0.520879   0.612755
      0.21   0.742239   0.521131   0.612336
      0.22   0.735157   0.523107   0.611264
      0.23   0.732926   0.523529   0.610779
      0.24   0.730792   0.525035   0.611058
      0.25   0.730792   0.526735   0.612207
      0.26   0.730792   0.527778   0.612911
      0.27   0.728657   0.527802   0.612175
      0.28   0.727687   0.529497    0.61297
      0.29   0.727396   0.530166   0.613315
       0.3   0.725456   0.531204   0.613317
      0.31   0.724389   0.532234    0.61362
      0.32   0.722449   0.533136    0.61352
      0.33   0.722449    0.53244    0.61306
      0.34   0.722449   0.532716   0.613242
      0.35   0.717792   0.532814   0.611623
      0.36   0.716531   0.532413   0.610901
      0.37   0.716531   0.532671    0.61107
      0.38   0.716531   0.532851   0.611189
      0.39   0.716531   0.532668   0.611068
       0.4   0.716531   0.532038   0.610654
      0.41   0.714203   0.530525   0.608812
      0.42   0.713232   0.530331   0.608331
      0.43    0.70683   0.529484   0.605437
      0.44   0.706636   0.529412   0.605319
      0.45   0.706636   0.529938   0.605663
      0.46   0.706345   0.529721   0.605414
      0.47   0.706345     0.5289   0.604877
      0.48   0.706054    0.52776   0.604025
      0.49   0.706054   0.527171   0.603638
       0.5   0.706054   0.526646   0.603294
      0.51   0.703434   0.525322   0.601469
      0.52   0.702173    0.52429   0.600332
      0.53   0.695285    0.52295   0.596928
      0.54   0.694509   0.522843   0.596572
      0.55   0.693151   0.522431   0.595803
      0.56   0.685681   0.521711   0.592562
      0.57    0.68345    0.52086    0.59118
      0.58   0.682674   0.520579   0.590708
      0.59   0.682674       0.52   0.590335
       0.6   0.682674   0.519703   0.590144
      0.61   0.677338   0.519119   0.587767
      0.62    0.67598   0.517915   0.586484
      0.63   0.672875   0.517613   0.585119
      0.64   0.668704   0.516519   0.582841
      0.65    0.66754    0.51543   0.581706
      0.66   0.665308   0.514992   0.580578
      0.67   0.663756   0.514531   0.579694
      0.68   0.663465   0.513433   0.578886
      0.69   0.663465    0.51328   0.578789
       0.7   0.660167   0.513154    0.57745
      0.71   0.658421   0.513694   0.577122
      0.72   0.655995   0.512726   0.575579
      0.73   0.655122   0.512416   0.575048
      0.74   0.655025   0.512261   0.574913
      0.75   0.655025   0.512105   0.574814
      0.76   0.655025   0.511448     0.5744
      0.77   0.650078   0.509466   0.571246
      0.78   0.650078   0.508968   0.570933
      0.79   0.646197   0.507478   0.568498
       0.8   0.643287   0.507153   0.567165
      0.81   0.641832   0.505983   0.565868
      0.82   0.641832   0.504628    0.56502
      0.83   0.641832   0.503951   0.564595
      0.84   0.640279    0.50207   0.562814
      0.85   0.640279   0.501554    0.56249
      0.86   0.639212    0.50052   0.561427
      0.87   0.638436   0.499306   0.560364
      0.88   0.634459   0.497736   0.557842
      0.89    0.63213   0.495801   0.555727
       0.9   0.627571   0.495095   0.553517
      0.91    0.62534   0.493497    0.55165
      0.92   0.624078   0.491705   0.550039
      0.93   0.619519     0.4908   0.547698
      0.94   0.618743   0.488984   0.546263
      0.95    0.61525   0.487527   0.543992
      0.96   0.612728   0.487152   0.542771
      0.97   0.606616   0.486052   0.539682
      0.98   0.603997   0.483651   0.537166
      0.99   0.602251   0.481762    0.53531
