         0          1   0.331079    0.49746
      0.01   0.999751   0.310839   0.474232
      0.02   0.999751   0.310839   0.474232
      0.03   0.999751   0.310861   0.474257
      0.04   0.999751   0.310889   0.474289
      0.05   0.999751   0.311046   0.474472
      0.06   0.999751   0.310989   0.474406
      0.07   0.999751   0.310958    0.47437
      0.08   0.999751   0.310761    0.47414
      0.09   0.999751   0.310596   0.473948
       0.1   0.999751   0.310463   0.473793
      0.11   0.999751   0.309979    0.47323
      0.12   0.999751   0.309692   0.472896
      0.13   0.999751    0.30935   0.472497
      0.14   0.999751   0.309029   0.472122
      0.15   0.999751   0.308477   0.471478
      0.16   0.999627   0.308269   0.471221
      0.17   0.999627   0.307588   0.470425
      0.18   0.999627   0.307174   0.469941
      0.19   0.999544   0.306698   0.469374
       0.2   0.999502   0.306535   0.469179
      0.21   0.998922   0.305804   0.468258
      0.22   0.998507   0.305079   0.467363
      0.23   0.998051   0.304886   0.467085
      0.24   0.997429   0.304145   0.466148
      0.25   0.997055   0.303905   0.465825
      0.26   0.996143   0.303424    0.46516
      0.27   0.994277   0.302904   0.464347
      0.28    0.99295   0.302578   0.463818
      0.29   0.992825   0.302194   0.463354
       0.3   0.992369   0.301807   0.462849
      0.31   0.991457   0.301724   0.462652
      0.32   0.990876   0.301398   0.462205
      0.33   0.990544   0.301109   0.461829
      0.34   0.989507   0.301005   0.461595
      0.35    0.98818   0.300311   0.460633
      0.36   0.987558   0.299756   0.459913
      0.37   0.986024   0.299257   0.459159
      0.38   0.984862   0.298377   0.457998
      0.39   0.980922     0.2974    0.45642
       0.4   0.980259   0.296892    0.45575
      0.41   0.977107   0.295376   0.453624
      0.42   0.976568   0.295074   0.453209
      0.43   0.975282     0.2947   0.452629
      0.44   0.972213   0.294593   0.452172
      0.45    0.97072   0.294389   0.451771
      0.46   0.968563   0.293965   0.451037
      0.47   0.967983   0.293736   0.450705
      0.48    0.96313   0.292668   0.448921
      0.49   0.961223   0.291863   0.447767
       0.5   0.957656   0.291621   0.447094
      0.51   0.956038   0.291682    0.44699
      0.52   0.952679   0.291466   0.446368
      0.53    0.94932   0.291186   0.445671
      0.54   0.947329   0.291613    0.44595
      0.55   0.945421   0.291547   0.445662
      0.56   0.943431   0.291424   0.445297
      0.57   0.938537    0.29165   0.445013
      0.58   0.936588   0.291546   0.444672
      0.59   0.930284    0.29095   0.443266
       0.6   0.929827   0.290662   0.442881
      0.61   0.926136    0.29073    0.44254
      0.62   0.921699   0.290645   0.441932
      0.63   0.918879   0.290502   0.441443
      0.64   0.917178   0.290596   0.441355
      0.65   0.914731   0.290804    0.44131
      0.66   0.911206   0.290899   0.441008
      0.67   0.908261   0.290765   0.440508
      0.68   0.902746   0.290328   0.439357
      0.69   0.898059   0.290255   0.438715
       0.7   0.896649   0.291453   0.439913
      0.71   0.892419   0.291404   0.439346
      0.72   0.889806     0.2912   0.438798
      0.73   0.885451   0.290606   0.437593
      0.74    0.88317   0.290214    0.43687
      0.75   0.879769   0.290484   0.436759
      0.76   0.876659   0.290921   0.436867
      0.77   0.872843   0.290434   0.435843
      0.78   0.870065     0.2907   0.435795
      0.79   0.864881   0.290184   0.434564
       0.8   0.863595   0.290442    0.43469
      0.81   0.860028   0.290233   0.434004
      0.82   0.850821   0.289907   0.432459
      0.83   0.847586   0.290129   0.432287
      0.84   0.843024   0.290397   0.431988
      0.85   0.840909   0.290948   0.432317
      0.86   0.837301   0.291302   0.432229
      0.87   0.835352   0.291837   0.432557
      0.88   0.827679    0.29106   0.430671
      0.89   0.825398   0.291262   0.430583
       0.9   0.819799   0.291103   0.429644
      0.91   0.811671   0.291119   0.428537
      0.92   0.801344   0.290522   0.426441
      0.93   0.795745   0.290456   0.425573
      0.94   0.794086   0.291339   0.426281
      0.95   0.787989   0.291435     0.4255
      0.96   0.783179   0.291812   0.425196
      0.97   0.776833   0.292195    0.42466
      0.98   0.771151   0.292845    0.42449
      0.99   0.766216   0.293092   0.423997
