         0          1   0.339259   0.506637
      0.01    0.99884   0.363321   0.532829
      0.02   0.997024   0.363673   0.532948
      0.03    0.99683   0.366181   0.535609
      0.04   0.996289   0.376628   0.546618
      0.05   0.996019   0.389414   0.559917
      0.06   0.994898   0.419076   0.589739
      0.07   0.994511   0.444493   0.614388
      0.08   0.993661   0.490894   0.657143
      0.09   0.991805   0.523084   0.684931
       0.1    0.99138   0.572082   0.725506
      0.11   0.989988   0.616168   0.759577
      0.12   0.987476   0.641759   0.777938
      0.13   0.986471   0.676378   0.802511
      0.14   0.985659   0.694577   0.814904
      0.15   0.985195    0.71719   0.830097
      0.16   0.984499   0.728923    0.83765
      0.17   0.983765   0.740983   0.845287
      0.18   0.983224   0.746199   0.848469
      0.19   0.979745   0.754575   0.852543
       0.2    0.97901   0.758121   0.854522
      0.21    0.97816   0.762957   0.857259
      0.22   0.977271   0.766263   0.858998
      0.23   0.976343   0.768899   0.860293
      0.24   0.970545   0.772119   0.860036
      0.25    0.96811   0.773056   0.859657
      0.26   0.966525   0.774379   0.859848
      0.27   0.964244   0.775351   0.859542
      0.28   0.960688   0.777005   0.859138
      0.29   0.956165   0.777734   0.857769
       0.3   0.949092   0.778826    0.85557
      0.31   0.945265   0.779116   0.854186
      0.32   0.944917   0.779015   0.853983
      0.33   0.938655   0.778124   0.850884
      0.34   0.937495   0.777603   0.850096
      0.35   0.928875   0.776663   0.845977
      0.36   0.924584   0.776313   0.843986
      0.37   0.918941   0.774533    0.84058
      0.38   0.914882    0.77352   0.838283
      0.39   0.908195   0.770494   0.833696
       0.4   0.902281   0.769416   0.830568
      0.41   0.895555   0.768155   0.826977
      0.42   0.887862   0.766434   0.822692
      0.43   0.882412   0.765705   0.819927
      0.44   0.875609    0.76376   0.815869
      0.45   0.869579   0.763229    0.81294
      0.46   0.861422   0.761385    0.80832
      0.47   0.857093   0.760679   0.806013
      0.48   0.846927   0.759484   0.800825
      0.49   0.841825   0.758513      0.798
       0.5    0.83506   0.757018   0.794126
      0.51   0.827445   0.756193   0.790216
      0.52   0.824894   0.755274    0.78855
      0.53   0.816042   0.753933   0.783759
      0.54    0.81264   0.752513   0.781421
      0.55   0.800541   0.751773   0.775391
      0.56   0.794627    0.75043   0.771897
      0.57   0.788558   0.747635   0.767551
      0.58   0.784422   0.745962   0.764709
      0.59   0.776266   0.744224   0.759907
       0.6   0.768032     0.7433   0.755464
      0.61    0.76235   0.740899   0.751472
      0.62   0.756552   0.739919   0.748143
      0.63    0.75516   0.737931   0.746446
      0.64   0.750445   0.735402   0.742847
      0.65   0.747468   0.733849   0.740596
      0.66   0.741283   0.731135   0.736174
      0.67   0.734905   0.730151    0.73252
      0.68   0.725783   0.727778   0.726779
      0.69   0.720255   0.724902   0.722571
       0.7   0.717317   0.721201   0.719254
      0.71   0.711403   0.719428   0.715393
      0.72   0.707112   0.716765   0.711906
      0.73   0.700425    0.71283   0.706573
      0.74   0.695632   0.709725   0.702608
      0.75   0.683031   0.705727   0.694193
      0.76   0.681832   0.702579    0.69205
      0.77   0.676189   0.697884   0.686865
      0.78   0.673174     0.6951   0.683961
      0.79   0.662505    0.68892   0.675454
       0.8   0.656204   0.685661   0.670609
      0.81   0.645033   0.680824   0.662445
      0.82   0.633436   0.675361   0.653727
      0.83     0.6247   0.670914   0.646983
      0.84   0.609277    0.66456   0.635719
      0.85    0.59397       0.66   0.625246
      0.86   0.584925   0.652922   0.617056
      0.87   0.572362   0.647257    0.60751
      0.88    0.55717   0.638366   0.595011
      0.89    0.54511   0.632405   0.585522
       0.9   0.520448   0.622449   0.566897
      0.91   0.505257   0.614374   0.554498
      0.92   0.496405   0.610022    0.54738
      0.93   0.478933   0.603179   0.533923
      0.94   0.469115   0.598472   0.525956
      0.95   0.454928    0.59087   0.514064
      0.96   0.442559   0.585974   0.504268
      0.97   0.432625   0.580144    0.49564
      0.98   0.422458    0.57585    0.48737
      0.99   0.408465   0.568512    0.47538
