         0          1   0.393948   0.565226
      0.01          1   0.388569   0.559668
      0.02          1   0.388582   0.559681
      0.03          1    0.38882   0.559929
      0.04          1    0.38903   0.560146
      0.05          1   0.389104   0.560223
      0.06          1   0.389502   0.560636
      0.07          1   0.389639   0.560777
      0.08          1   0.390084   0.561238
      0.09          1   0.390787   0.561965
       0.1          1   0.391582   0.562787
      0.11          1   0.392841   0.564086
      0.12          1    0.39389   0.565166
      0.13          1   0.395496   0.566818
      0.14   0.999965   0.396042   0.567372
      0.15   0.999965   0.397572   0.568941
      0.16   0.999965   0.398897   0.570297
      0.17   0.999752   0.400219   0.571611
      0.18   0.999434   0.401282   0.572642
      0.19   0.999363   0.403045   0.574423
       0.2   0.998762   0.404079   0.575374
      0.21   0.998161   0.406551   0.577774
      0.22   0.996428    0.40841   0.579357
      0.23   0.994694   0.409546   0.580204
      0.24   0.994058   0.411765   0.582318
      0.25   0.991476   0.413702   0.583806
      0.26   0.988115   0.415978    0.58548
      0.27   0.986241   0.418801   0.587938
      0.28   0.982315   0.420952   0.589349
      0.29   0.978954   0.423376    0.59111
       0.3   0.974003   0.426479   0.593213
      0.31   0.967777   0.429959   0.595398
      0.32   0.961304   0.431547   0.595681
      0.33   0.953381   0.434061    0.59653
      0.34   0.948147   0.435522   0.596875
      0.35   0.938844   0.438612   0.597897
      0.36   0.930001   0.440877    0.59818
      0.37   0.918718   0.445415   0.599957
      0.38   0.907046   0.447792   0.599581
      0.39   0.897496   0.450152   0.599577
       0.4   0.891801   0.451833   0.599784
      0.41   0.879244   0.456407   0.600895
      0.42   0.867112   0.461332   0.602248
      0.43   0.861276   0.464406   0.603436
      0.44   0.845536   0.465142   0.600138
      0.45   0.838356   0.465258   0.598416
      0.46   0.824668    0.46862   0.597633
      0.47   0.814198   0.469008   0.595174
      0.48   0.798458    0.46876   0.590719
      0.49   0.785583   0.468385   0.586866
       0.5   0.769843   0.470534   0.584076
      0.51   0.754775   0.474967   0.583038
      0.52   0.745862   0.477396   0.582169
      0.53   0.720289   0.479788    0.57594
      0.54   0.710526   0.480886   0.573575
      0.55   0.692381   0.484576   0.570134
      0.56    0.68368   0.487425   0.569108
      0.57   0.672361   0.489489   0.566533
      0.58   0.662741   0.492382   0.564999
      0.59   0.645621   0.492355   0.558667
       0.6   0.634833   0.493773   0.555488
      0.61   0.625601    0.49588   0.553238
      0.62    0.61216    0.49664   0.548383
      0.63   0.604733   0.497918   0.546152
      0.64   0.590761   0.500414   0.541847
      0.65   0.577179   0.500107   0.535886
      0.66    0.56441   0.500336   0.530445
      0.67   0.549979    0.50092   0.524305
      0.68    0.53293    0.49964   0.515749
      0.69   0.527943   0.499012    0.51307
       0.7   0.516341   0.499743   0.507907
      0.71   0.505199   0.499866   0.502519
      0.72   0.495473   0.499032   0.497246
      0.73   0.481324   0.497844   0.489445
      0.74   0.473012   0.497189   0.484799
      0.75   0.463356   0.496929   0.479555
      0.76    0.45469   0.495433   0.474188
      0.77   0.439551   0.490293   0.463538
      0.78   0.435696    0.49056   0.461503
      0.79    0.42176   0.490712   0.453631
       0.8   0.413271    0.48853    0.44776
      0.81   0.396152   0.487122   0.436952
      0.82   0.383065   0.486529   0.428642
      0.83   0.375884   0.485955   0.423891
      0.84   0.364566   0.482128   0.415185
      0.85   0.356749   0.482333   0.410143
      0.86    0.34115   0.478338   0.398261
      0.87   0.337224   0.475654   0.394652
      0.88   0.320812   0.474616   0.382844
      0.89   0.317487   0.473359   0.380062
       0.9   0.309069   0.473013   0.373858
      0.91   0.298776   0.469904   0.365291
      0.92   0.295947     0.4742   0.364445
      0.93   0.290146   0.473266   0.359743
      0.94   0.283036   0.470525   0.353457
      0.95    0.27437   0.467554   0.345811
      0.96   0.262097   0.466629    0.33566
      0.97   0.250707   0.462887   0.325253
      0.98   0.242006    0.45975   0.317097
      0.99   0.237762   0.458795   0.313209
