         0          1   0.310743   0.474148
      0.01   0.999398   0.300233    0.46175
      0.02   0.999398   0.312192   0.475764
      0.03   0.999238   0.331703   0.498069
      0.04   0.998717   0.345599   0.513503
      0.05   0.998676   0.347385   0.515467
      0.06   0.997874   0.347629   0.515628
      0.07   0.996791   0.347086   0.514887
      0.08   0.993262   0.346418    0.51368
      0.09   0.991979    0.34642   0.513511
       0.1   0.987567   0.345341   0.511734
      0.11   0.983837   0.345129      0.511
      0.12   0.982433   0.345533   0.511253
      0.13   0.979625   0.346162   0.511559
      0.14   0.978663   0.346271   0.511546
      0.15   0.975695   0.346712    0.51162
      0.16   0.973248   0.347365   0.511992
      0.17   0.971524   0.349706    0.51429
      0.18   0.970962   0.351641     0.5163
      0.19   0.969679   0.353408   0.518019
       0.2   0.969117   0.355219   0.519882
      0.21   0.967232   0.357906   0.522479
      0.22   0.966029   0.360049   0.524581
      0.23   0.965628   0.361927   0.526512
      0.24   0.963422   0.363742   0.528099
      0.25   0.961938   0.366116   0.530371
      0.26   0.959532   0.370336   0.534412
      0.27   0.958649    0.37338   0.537437
      0.28   0.957406   0.378049   0.542057
      0.29   0.956604   0.381304   0.545264
       0.3   0.954959   0.386101    0.54988
      0.31   0.954037   0.391729   0.555407
      0.32   0.953275   0.396121   0.559676
      0.33   0.952874   0.402341   0.565785
      0.34   0.951911   0.405819   0.569043
      0.35   0.950949   0.411873   0.574792
      0.36   0.950387   0.415818   0.578519
      0.37   0.950307   0.423469   0.585867
      0.38   0.950066   0.428394   0.590517
      0.39   0.948101   0.435736   0.597067
       0.4   0.946577   0.441217   0.601885
      0.41   0.945454   0.447425   0.607404
      0.42   0.942967   0.454455   0.613324
      0.43   0.942486    0.46068   0.618864
      0.44   0.940761   0.468955   0.625905
      0.45   0.940641     0.4742   0.630533
      0.46   0.939197   0.482489   0.637486
      0.47   0.938997   0.487913   0.642155
      0.48   0.936951   0.493702   0.646662
      0.49   0.935146   0.499307   0.651014
       0.5   0.932459   0.508156   0.657823
      0.51   0.930454   0.516821   0.664529
      0.52   0.927566   0.521607   0.667725
      0.53   0.926643   0.527508   0.672298
      0.54   0.924357   0.532886   0.676039
      0.55   0.923555   0.538408   0.680249
      0.56   0.922633   0.543693   0.684198
      0.57   0.919384   0.549146   0.687594
      0.58   0.917178   0.552938   0.689936
      0.59   0.913889   0.560102   0.694538
       0.6   0.908876   0.563511   0.695689
      0.61    0.90679   0.568834   0.699112
      0.62   0.901536   0.573087   0.700733
      0.63   0.900413   0.576175   0.702695
      0.64   0.898809   0.580604   0.705485
      0.65   0.893996   0.583502   0.706124
      0.66   0.891148   0.587309   0.708007
      0.67    0.88818   0.588564   0.707977
      0.68   0.884611   0.589462   0.707488
      0.69   0.881522   0.591686   0.708093
       0.7   0.877993    0.59637   0.710285
      0.71   0.875546   0.600756   0.712577
      0.72   0.872418   0.602197   0.712549
      0.73   0.869611   0.605572   0.713961
      0.74   0.867284   0.607493   0.714507
      0.75   0.863153   0.609038   0.714164
      0.76   0.861389   0.609838   0.714108
      0.77   0.857739   0.611333   0.713871
      0.78   0.853888   0.611756   0.712821
      0.79   0.850158   0.612764   0.712199
       0.8   0.841174   0.612479   0.708837
      0.81   0.833393   0.613318   0.706617
      0.82   0.821161   0.612448   0.701611
      0.83   0.816468     0.6137    0.70071
      0.84   0.806963   0.612541   0.696437
      0.85    0.80215   0.613745   0.695412
      0.86   0.797738   0.615093    0.69461
      0.87   0.793807   0.615138   0.693144
      0.88   0.788914   0.615552   0.691534
      0.89   0.781695   0.615249   0.688556
       0.9   0.770144   0.616349   0.684717
      0.91    0.76116   0.616367   0.681154
      0.92   0.752617   0.616486   0.677784
      0.93   0.746681   0.617661   0.676071
      0.94   0.740946   0.618459   0.674184
      0.95   0.733205   0.617469   0.670379
      0.96   0.726587   0.616703   0.667151
      0.97   0.721895    0.61504   0.664197
      0.98    0.72025   0.615636   0.663847
      0.99   0.712149   0.613497   0.659152
