         0          1   0.172013   0.293534
      0.01   0.996271   0.163154   0.280389
      0.02   0.996271   0.163189   0.280441
      0.03   0.996271   0.163563   0.280994
      0.04   0.996271    0.16453    0.28242
      0.05   0.996271   0.165459   0.283787
      0.06   0.996271   0.167876   0.287335
      0.07   0.996271    0.17013    0.29063
      0.08   0.996271   0.174279   0.296663
      0.09   0.996199   0.177569   0.301412
       0.1   0.996199   0.183072   0.309303
      0.11   0.995338   0.189703   0.318671
      0.12   0.994621   0.194683   0.325629
      0.13   0.991538   0.202933   0.336912
      0.14   0.989673   0.208606   0.344581
      0.15   0.987522   0.218779   0.358201
      0.16   0.986446   0.224701   0.366026
      0.17   0.981067   0.232855   0.376377
      0.18   0.975258   0.238755     0.3836
      0.19   0.968087   0.247799   0.394594
       0.2   0.958405   0.251883   0.398924
      0.21    0.95317   0.260911   0.409681
      0.22    0.94564   0.268774   0.418578
      0.23   0.939974   0.274416   0.424813
      0.24   0.931297   0.282147   0.433086
      0.25   0.929145   0.288061   0.439778
      0.26   0.918603   0.296451   0.448245
      0.27   0.914157   0.302605   0.454696
      0.28   0.907917    0.31214   0.464564
      0.29   0.903901   0.317144   0.469544
       0.3   0.895941   0.324386   0.476316
      0.31   0.884682    0.33102   0.481775
      0.32   0.874426   0.336194   0.485663
      0.33   0.869406   0.344532   0.493498
      0.34   0.866107   0.350379   0.498922
      0.35   0.861661   0.356405   0.504242
      0.36   0.856139    0.36085   0.507708
      0.37   0.848322    0.36643   0.511793
      0.38   0.841079   0.372146   0.515987
      0.39   0.837134   0.379005   0.521779
       0.4   0.830895   0.382202   0.523569
      0.41   0.826664   0.388039   0.528158
      0.42   0.819134   0.391885   0.530143
      0.43   0.812536   0.394348    0.53099
      0.44   0.802567    0.39885   0.532877
      0.45   0.798049   0.402766   0.535348
      0.46   0.777969   0.406807    0.53425
      0.47   0.771228   0.410284   0.535623
      0.48    0.76463   0.412313   0.535739
      0.49   0.761833   0.413636   0.536163
       0.5   0.752223   0.418125   0.537487
      0.51   0.742326   0.420319   0.536731
      0.52   0.738024   0.422756   0.537576
      0.53   0.727338   0.424223   0.535888
      0.54   0.723035    0.42693   0.536861
      0.55   0.706397   0.430598   0.535047
      0.56   0.703242   0.430472   0.534043
      0.57   0.693201   0.432267   0.532486
      0.58   0.690978   0.433632   0.532861
      0.59   0.683233   0.436355   0.532575
       0.6   0.676205   0.436861     0.5308
      0.61   0.667456    0.43922   0.529803
      0.62   0.662292   0.444944   0.532285
      0.63   0.658061   0.446049   0.531699
      0.64   0.648738   0.447089    0.52936
      0.65    0.64422   0.448537   0.528858
      0.66   0.641351   0.449654   0.528661
      0.67   0.632028   0.450149   0.525804
      0.68   0.615892   0.452191   0.521496
      0.69   0.613454   0.451613   0.520237
       0.7   0.607286   0.453877   0.519492
      0.71   0.601119   0.455511   0.518282
      0.72    0.60033   0.455755   0.518146
      0.73   0.590863   0.457842   0.515916
      0.74    0.58864    0.45857   0.515527
      0.75   0.584696   0.458802   0.514155
      0.76     0.5715   0.457117   0.507949
      0.77   0.562321   0.457053   0.504252
      0.78   0.558592    0.45679   0.502588
      0.79   0.545611   0.455366    0.49642
       0.8   0.543962   0.455969   0.496093
      0.81   0.539587   0.455357   0.493907
      0.82   0.527539   0.455249   0.488735
      0.83   0.523594   0.455503   0.487181
      0.84   0.516495   0.454796   0.483686
      0.85   0.512048   0.453943   0.481248
      0.86   0.504518   0.450265    0.47585
      0.87    0.50043   0.449213   0.473441
      0.88   0.495195   0.449165   0.471058
      0.89   0.493402   0.447783   0.469487
       0.9   0.481713    0.44684   0.463622
      0.91   0.474613   0.445697   0.459701
      0.92   0.464859   0.444655   0.454533
      0.93   0.454246   0.441459   0.447761
      0.94   0.452166   0.439892   0.445944
      0.95   0.446931   0.440518   0.443701
      0.96   0.437894   0.440079   0.438984
      0.97   0.434022   0.438829   0.436412
      0.98   0.427352   0.438788   0.432995
      0.99   0.422834   0.437092   0.429845
