         0          1   0.171113   0.292223
      0.01   0.999143   0.159524   0.275122
      0.02   0.999143   0.159575   0.275198
      0.03   0.999143   0.159583   0.275209
      0.04   0.999143   0.159505   0.275093
      0.05   0.999143   0.159553   0.275165
      0.06   0.999143   0.159612   0.275253
      0.07   0.999143   0.159774   0.275493
      0.08   0.999143   0.159409   0.274951
      0.09   0.998952   0.159152   0.274562
       0.1   0.998952   0.158902   0.274188
      0.11   0.998857   0.158049   0.272915
      0.12   0.998762   0.157612   0.272259
      0.13   0.997714   0.156888   0.271139
      0.14   0.996857   0.156356   0.270314
      0.15   0.995428   0.155793   0.269419
      0.16   0.992665   0.155726   0.269219
      0.17   0.992475   0.155703   0.269176
      0.18   0.992475   0.155733   0.269222
      0.19   0.988188    0.15568   0.268984
       0.2   0.987807   0.155388   0.268534
      0.21   0.985997   0.155497    0.26863
      0.22   0.982568   0.155488   0.268489
      0.23    0.98133   0.155683   0.268733
      0.24   0.980758   0.156189   0.269465
      0.25   0.980568   0.156797   0.270361
      0.26   0.979996   0.157503   0.271389
      0.27   0.979425   0.158078   0.272219
      0.28   0.979425   0.158727   0.273182
      0.29   0.978567   0.158772   0.273215
       0.3   0.977996   0.159439   0.274179
      0.31   0.976376   0.160054   0.275024
      0.32   0.976091   0.160696    0.27596
      0.33   0.974567   0.161232   0.276689
      0.34   0.974471   0.161833    0.27757
      0.35   0.973519   0.162846   0.279019
      0.36   0.972852   0.163819   0.280419
      0.37   0.972471    0.16496   0.282072
      0.38   0.971328   0.165719   0.283133
      0.39   0.969804   0.166726   0.284535
       0.4   0.968089   0.167571    0.28569
      0.41   0.964565   0.169016   0.287631
      0.42   0.957516   0.169901   0.288594
      0.43   0.956563   0.171069   0.290233
      0.44   0.953705   0.172905   0.292737
      0.45   0.952086   0.173319   0.293254
      0.46   0.947609   0.174593    0.29486
      0.47   0.943894   0.175859    0.29648
      0.48   0.937607   0.177658   0.298716
      0.49   0.929987   0.178614   0.299673
       0.5   0.927415   0.179084     0.3002
      0.51   0.919032    0.18042   0.301626
      0.52   0.913507   0.181904   0.303394
      0.53   0.907601   0.184369    0.30648
      0.54   0.900171   0.185952   0.308231
      0.55   0.891884   0.187091     0.3093
      0.56   0.888169   0.188229   0.310626
      0.57   0.885026   0.190195   0.313103
      0.58   0.880263   0.192118     0.3154
      0.59   0.875024   0.194713   0.318543
       0.6   0.865498   0.195247   0.318618
      0.61   0.855782   0.197302   0.320673
      0.62    0.83997   0.199803   0.322817
      0.63   0.831206   0.200806   0.323468
      0.64   0.815203   0.201506   0.323137
      0.65   0.805677   0.203712   0.325198
      0.66   0.794342    0.20612   0.327309
      0.67   0.787769     0.2069   0.327727
      0.68   0.779768   0.209313   0.330035
      0.69   0.772814   0.210317    0.33065
       0.7   0.760907   0.212452   0.332161
      0.71   0.745666   0.214916   0.333664
      0.72   0.742808    0.21688   0.335735
      0.73   0.730996   0.217731   0.335524
      0.74   0.716708   0.218638   0.335062
      0.75   0.700991   0.220737   0.335749
      0.76   0.684035   0.222433   0.335703
      0.77   0.678129   0.225225   0.338144
      0.78   0.669937   0.227099    0.33921
      0.79   0.660793   0.229992   0.341221
       0.8   0.655172   0.231603   0.342228
      0.81   0.637074   0.233211   0.341434
      0.82   0.631454   0.235507   0.343065
      0.83   0.628786   0.237844   0.345136
      0.84     0.6225   0.241117   0.347597
      0.85   0.619451   0.243398   0.349477
      0.86   0.611355   0.246615   0.351455
      0.87   0.598019   0.247669   0.350273
      0.88   0.586778    0.25015   0.350765
      0.89   0.581444   0.251788   0.351405
       0.9   0.576872   0.254042   0.352743
      0.91   0.567346   0.256116   0.352916
      0.92    0.55963   0.256224    0.35151
      0.93   0.540484   0.256463   0.347862
      0.94   0.535721   0.258057   0.348326
      0.95   0.534292   0.259172   0.349035
      0.96   0.530291   0.260086   0.349002
      0.97   0.515432   0.259823   0.345489
      0.98   0.512288   0.260761   0.345605
      0.99    0.50181   0.261215   0.343581
