         0          1   0.391539   0.562742
      0.01   0.989347   0.381549   0.550712
      0.02   0.989172   0.384108   0.553345
      0.03   0.988856   0.388862   0.558211
      0.04   0.988366   0.397451   0.566924
      0.05   0.988155   0.402317   0.571822
      0.06   0.988015   0.408615   0.578131
      0.07   0.985457     0.4118   0.580869
      0.08   0.983565   0.415301   0.584009
      0.09   0.982023   0.417639   0.586043
       0.1   0.977572   0.421488   0.589017
      0.11   0.973858   0.424732   0.591494
      0.12    0.97214   0.427467   0.593821
      0.13   0.967725   0.431132   0.596512
      0.14   0.962013   0.432976   0.597178
      0.15   0.951079   0.435773   0.597692
      0.16   0.941092   0.438513    0.59826
      0.17   0.932086   0.441711   0.599379
      0.18   0.922449   0.444165   0.599612
      0.19   0.916211   0.447444   0.601257
       0.2   0.909658   0.449484   0.601669
      0.21   0.901983   0.453958   0.603953
      0.22   0.896692   0.457337   0.605734
      0.23   0.889788   0.459952   0.606428
      0.24   0.882429   0.462897   0.607249
      0.25   0.878294   0.464112   0.607308
      0.26    0.86701   0.465275   0.605573
      0.27   0.856497   0.466235   0.603794
      0.28   0.845879   0.470357    0.60455
      0.29   0.840167   0.470857   0.603495
       0.3   0.828112    0.47283   0.601958
      0.31   0.816477   0.473242   0.599187
      0.32   0.807296   0.473935   0.597247
      0.33   0.788338   0.474133   0.592135
      0.34   0.780453   0.474266       0.59
      0.35   0.767311   0.473997      0.586
      0.36   0.760128   0.476168   0.585537
      0.37   0.745549   0.477085   0.581843
      0.38   0.737069   0.477073   0.579234
      0.39   0.722105   0.477469   0.574842
       0.4   0.714641   0.478011   0.572852
      0.41   0.699187   0.480334   0.569457
      0.42   0.690742   0.480837   0.566986
      0.43   0.680649   0.479767   0.562821
      0.44   0.669435   0.479342   0.558661
      0.45   0.659343   0.478873   0.554801
      0.46   0.642382   0.480684   0.549892
      0.47   0.633095    0.48173   0.547137
      0.48   0.626752   0.480547   0.543997
      0.49   0.615363   0.480326   0.539523
       0.5   0.606637   0.481673   0.536981
      0.51   0.601276    0.48401   0.536308
      0.52   0.591779   0.483382   0.532116
      0.53   0.578638   0.483851   0.527016
      0.54   0.567634   0.484506   0.522786
      0.55   0.557717   0.485865   0.519317
      0.56   0.549271   0.485905   0.515649
      0.57   0.537602   0.488993   0.512147
      0.58   0.533677   0.491177   0.511546
      0.59    0.52786   0.495757   0.511305
       0.6   0.525582   0.499008    0.51195
      0.61    0.52036   0.501209   0.510605
      0.62   0.513667   0.504603   0.509095
      0.63   0.512546   0.508703   0.510617
      0.64   0.506063   0.509102   0.507578
      0.65   0.500175   0.510805   0.505434
      0.66    0.49159   0.513416   0.502266
      0.67   0.486368   0.516851   0.501147
      0.68   0.478799   0.520815   0.498924
      0.69   0.471405   0.521332   0.495113
       0.7   0.463975   0.525452   0.492804
      0.71   0.456091   0.531008   0.490706
      0.72    0.44796   0.533416   0.486968
      0.73   0.443019   0.538991   0.486315
      0.74    0.43545   0.542567   0.483143
      0.75   0.429563    0.54677   0.481131
      0.76   0.426829   0.547814   0.479813
      0.77   0.415055   0.549125   0.472768
      0.78   0.408151   0.550633   0.468805
      0.79   0.404437   0.554701   0.467798
       0.8   0.400091   0.558575   0.466233
      0.81   0.394765   0.562305    0.46387
      0.82    0.38744   0.567585   0.460523
      0.83   0.385583    0.57045   0.460143
      0.84   0.383481   0.573525   0.459633
      0.85   0.380502   0.575161   0.458006
      0.86   0.374615   0.578561   0.454769
      0.87    0.37104   0.580875    0.45283
      0.88   0.363961    0.58309   0.448175
      0.89    0.36256    0.58361   0.447263
       0.9    0.35923   0.584813    0.44507
      0.91   0.352187    0.58661    0.44013
      0.92   0.349593   0.588726   0.438688
      0.93   0.345318   0.591595   0.436089
      0.94    0.34304   0.592685   0.434561
      0.95   0.338485   0.594364   0.431331
      0.96   0.336627   0.594291   0.429801
      0.97   0.335296   0.592658   0.428288
      0.98   0.333474   0.594059   0.427161
      0.99   0.326815   0.594296   0.421719
