         0          1   0.216663    0.35616
      0.01   0.999774   0.238444   0.385054
      0.02   0.999774   0.327278   0.493129
      0.03   0.999774    0.43726   0.608421
      0.04   0.999774   0.528268   0.691274
      0.05   0.999366   0.572057   0.727613
      0.06   0.999049   0.626578   0.770143
      0.07   0.999049   0.655055   0.791282
      0.08   0.999049   0.675573   0.806069
      0.09   0.999004   0.680258   0.809379
       0.1   0.998822    0.68115   0.809952
      0.11   0.998822   0.680817   0.809716
      0.12   0.998687   0.680478   0.809432
      0.13   0.998641   0.680925   0.809732
      0.14   0.998641   0.682258   0.810675
      0.15   0.998551   0.683425   0.811468
      0.16   0.998279   0.684367   0.812042
      0.17   0.998234   0.686486   0.813516
      0.18   0.998234   0.688107   0.814654
      0.19   0.998188   0.689682   0.815741
       0.2   0.998007   0.690409   0.816189
      0.21   0.997554   0.692299   0.817356
      0.22   0.997418   0.695462   0.819511
      0.23   0.996694   0.697793   0.820881
      0.24   0.996558   0.700385   0.822625
      0.25   0.996105   0.702687   0.824056
      0.26   0.995743   0.705555     0.8259
      0.27   0.995562   0.707718   0.827318
      0.28    0.99529   0.709712   0.828585
      0.29   0.995245   0.711186   0.829573
       0.3   0.995154   0.713714   0.831258
      0.31   0.994746   0.715123   0.832071
      0.32   0.993161   0.717324   0.833002
      0.33   0.991621    0.72065   0.834695
      0.34   0.990716   0.723006   0.835951
      0.35   0.990444   0.726119    0.83793
      0.36   0.989991   0.727916   0.838963
      0.37   0.989266   0.729974   0.840068
      0.38   0.989266   0.731889   0.841334
      0.39   0.988179   0.734549   0.842694
       0.4   0.987817   0.736227   0.843664
      0.41   0.987591    0.73925   0.845563
      0.42   0.987319   0.741034   0.846629
      0.43   0.987319   0.743138      0.848
      0.44    0.98587   0.745287   0.848861
      0.45   0.985553   0.746072   0.849253
      0.46   0.985054   0.748612    0.85071
      0.47   0.984828   0.750476   0.851828
      0.48   0.984013   0.753024    0.85316
      0.49   0.983288   0.754665   0.853939
       0.5   0.982201   0.758491    0.85597
      0.51   0.980842   0.760851   0.856953
      0.52   0.980842   0.761743   0.857519
      0.53   0.980752    0.76396   0.858887
      0.54   0.980661   0.764891    0.85944
      0.55   0.980661   0.766282   0.860318
      0.56    0.98048   0.767284   0.860879
      0.57    0.98048   0.768247   0.861485
      0.58   0.980344   0.770367   0.862764
      0.59   0.979257   0.771382   0.862978
       0.6   0.979257   0.772781   0.863853
      0.61   0.979212   0.773963   0.864573
      0.62   0.978986   0.774955   0.865103
      0.63   0.978668   0.775097   0.865068
      0.64   0.978351   0.776018   0.865517
      0.65   0.977989   0.776198   0.865487
      0.66   0.977944   0.777474   0.866262
      0.67   0.977446    0.77793    0.86635
      0.68    0.97731   0.778733   0.866793
      0.69   0.977129   0.778993   0.866883
       0.7   0.976087      0.779   0.866477
      0.71   0.974774   0.780826   0.867087
      0.72   0.974683   0.781133    0.86724
      0.73   0.974457    0.78153   0.867395
      0.74   0.973551   0.781649   0.867109
      0.75   0.971875   0.782195    0.86678
      0.76   0.970562   0.782602   0.866506
      0.77   0.970063   0.783283   0.866724
      0.78   0.969701    0.78355   0.866743
      0.79   0.968524   0.784032   0.866567
       0.8   0.967618   0.783819   0.866074
      0.81    0.96635    0.78345   0.865341
      0.82   0.965399   0.783127   0.864762
      0.83   0.963995   0.783213   0.864251
      0.84   0.961458   0.783558    0.86344
      0.85   0.961051   0.783503   0.863242
      0.86   0.960145   0.782889   0.862504
      0.87   0.958469   0.782334   0.861491
      0.88   0.955389   0.782348   0.860253
      0.89   0.955163   0.782282   0.860122
       0.9    0.95462   0.781952   0.859702
      0.91   0.952989   0.781276   0.858632
      0.92   0.952853   0.781002   0.858411
      0.93   0.952853   0.780579   0.858155
      0.94   0.950996    0.78038   0.857282
      0.95   0.950045   0.780201   0.856787
      0.96   0.948732   0.780038   0.856154
      0.97   0.947917   0.779705   0.855622
      0.98   0.947464   0.779632   0.855393
      0.99   0.947192   0.778662   0.854698
