         0          1   0.205491   0.340925
      0.01   0.997834   0.207238   0.343198
      0.02   0.997834   0.208918   0.345498
      0.03   0.997834   0.212073   0.349802
      0.04   0.997584    0.22063   0.361343
      0.05      0.997   0.227582   0.370574
      0.06   0.996667   0.239302   0.385939
      0.07   0.995417   0.247894   0.396937
      0.08   0.993584    0.25939   0.411382
      0.09   0.992667   0.267962   0.422007
       0.1   0.989668    0.27769   0.433692
      0.11   0.983085   0.286046   0.443149
      0.12   0.978835   0.290569   0.448115
      0.13   0.972002   0.295603   0.453338
      0.14   0.969003   0.298544   0.456456
      0.15   0.957004   0.301657   0.458721
      0.16   0.945505   0.303166    0.45912
      0.17   0.934755   0.305388   0.460371
      0.18   0.923256   0.305759   0.459382
      0.19   0.905091    0.30647   0.457894
       0.2   0.888676   0.306472   0.455767
      0.21   0.875677   0.307768   0.455459
      0.22   0.857512   0.307557   0.452735
      0.23   0.849096   0.307406   0.451391
      0.24   0.837764   0.308813   0.451278
      0.25   0.825681   0.309117   0.449828
      0.26   0.812266    0.30887   0.447554
      0.27     0.8001   0.308843   0.445659
      0.28   0.779768   0.308539   0.442135
      0.29   0.768769   0.307613   0.439404
       0.3   0.744771   0.308539   0.436321
      0.31   0.727939   0.310734   0.435547
      0.32   0.720357   0.312014   0.435428
      0.33   0.703858   0.312673   0.432997
      0.34   0.694609   0.312864   0.431413
      0.35   0.682526   0.316477   0.432439
      0.36   0.676777   0.317561   0.432283
      0.37   0.667028    0.32108   0.433494
      0.38   0.659695   0.323281    0.43392
      0.39   0.655112   0.326097   0.435443
       0.4   0.647529   0.329188   0.436481
      0.41    0.63903   0.332145     0.4371
      0.42   0.630447   0.336863   0.439103
      0.43   0.628281   0.338097   0.439621
      0.44   0.623031   0.340701   0.440511
      0.45   0.612282   0.342835   0.439552
      0.46   0.607533   0.347913    0.44245
      0.47     0.6017   0.350031   0.442591
      0.48   0.599783   0.354949   0.445973
      0.49   0.594784   0.357268   0.446398
       0.5   0.581785    0.36082   0.445403
      0.51   0.573452   0.361909   0.443759
      0.52   0.570452   0.363879    0.44433
      0.53   0.563286   0.366026   0.443721
      0.54   0.548454   0.366208   0.439175
      0.55   0.543705   0.371767    0.44159
      0.56   0.538205   0.375277   0.442211
      0.57   0.531206   0.378091   0.441757
      0.58   0.530706   0.380785   0.443416
      0.59   0.524373   0.381719   0.441816
       0.6    0.52179   0.383065   0.441793
      0.61   0.516124   0.385211   0.441161
      0.62   0.513291   0.388796   0.442453
      0.63   0.511291   0.388983   0.441829
      0.64   0.503625   0.389065   0.438994
      0.65   0.499292   0.390332   0.438139
      0.66   0.497625   0.394757   0.440262
      0.67   0.495125   0.397767   0.441138
      0.68   0.489043   0.399208   0.439582
      0.69   0.477294   0.399267   0.434808
       0.7   0.471461   0.403219   0.434678
      0.71   0.466628   0.402112   0.431974
      0.72   0.464128    0.40234   0.431031
      0.73   0.455045   0.401122   0.426386
      0.74   0.447296   0.402392   0.423658
      0.75   0.442463   0.406327   0.423626
      0.76    0.43813    0.40463   0.420714
      0.77   0.429464   0.401966    0.41526
      0.78   0.419965    0.39726   0.408297
      0.79   0.415549    0.39729   0.406214
       0.8   0.412466   0.392936   0.402464
      0.81   0.399883   0.392045   0.395926
      0.82   0.391634   0.391963   0.391798
      0.83   0.387968   0.391381   0.389667
      0.84   0.382801   0.388821   0.385788
      0.85   0.374135   0.387755   0.380824
      0.86    0.36547   0.384371   0.374682
      0.87   0.353221    0.38009   0.366163
      0.88   0.342055   0.376995   0.358676
      0.89   0.334639   0.373907   0.353185
       0.9   0.332139   0.368385   0.349324
      0.91   0.319723   0.363509   0.340213
      0.92    0.31439    0.35923   0.335318
      0.93   0.304975   0.359765   0.330112
      0.94   0.302475   0.358321   0.328038
      0.95   0.289393   0.352896   0.318005
      0.96   0.280727   0.348031   0.310777
      0.97   0.279643   0.346922   0.309671
      0.98    0.27731   0.345749   0.307771
      0.99   0.264561    0.34055   0.297784
