         0          1   0.214804   0.353644
      0.01   0.993954   0.210324   0.347182
      0.02   0.991715   0.249834   0.399121
      0.03   0.990446   0.285826   0.443628
      0.04    0.98649    0.32754   0.491793
      0.05   0.984623    0.35452   0.521331
      0.06   0.978428   0.387542   0.555184
      0.07   0.974472   0.414481   0.581589
      0.08   0.965963   0.437009   0.601772
      0.09   0.960737   0.451343    0.61416
       0.1   0.949093   0.468138   0.627007
      0.11   0.934015   0.483515   0.637179
      0.12   0.928118   0.492186   0.643252
      0.13   0.918191   0.504924   0.651552
      0.14    0.91304   0.512707   0.656669
      0.15   0.903038   0.523381   0.662685
      0.16   0.899828   0.529806   0.666932
      0.17   0.894529   0.538294   0.672127
      0.18   0.891543   0.544426    0.67603
      0.19   0.881018   0.549559    0.67689
       0.2   0.875121   0.554393   0.678777
      0.21   0.865567   0.558269   0.678757
      0.22   0.859297   0.564382   0.681293
      0.23   0.855863   0.614383   0.715292
      0.24   0.844816   0.622812   0.717023
      0.25   0.841606   0.626257   0.718134
      0.26   0.830037   0.631161   0.717065
      0.27   0.825707   0.634656   0.717685
      0.28   0.816078   0.641405   0.718275
      0.29    0.80742   0.642519   0.715592
       0.3   0.801448   0.644084     0.7142
      0.31   0.790401   0.646426     0.7112
      0.32   0.784579   0.648734   0.710219
      0.33   0.764276   0.651618   0.703465
      0.34   0.751885   0.654606   0.699881
      0.35   0.741883   0.654972   0.695724
      0.36   0.733373   0.654941   0.691942
      0.37   0.715085   0.654963   0.683705
      0.38   0.707845   0.654474   0.680114
      0.39   0.693215   0.655392   0.673773
       0.4   0.690826   0.655497   0.672698
      0.41    0.67754   0.654923    0.66604
      0.42   0.665373   0.658377   0.661857
      0.43   0.658506   0.659689   0.659097
      0.44   0.644174   0.658696   0.651354
      0.45   0.633351   0.658202   0.645538
      0.46   0.623647   0.662767   0.642612
      0.47   0.614615   0.665727   0.639151
      0.48   0.604389   0.666788   0.634057
      0.49   0.600284   0.664688   0.630846
       0.5   0.586251   0.668459   0.624662
      0.51   0.567814   0.671173   0.615182
      0.52   0.564828    0.67166   0.613629
      0.53   0.548481   0.671119   0.603634
      0.54   0.532433   0.668657    0.59282
      0.55   0.522654   0.669143   0.586896
      0.56   0.516086   0.670515   0.583251
      0.57    0.51101   0.669712   0.579695
      0.58    0.50586   0.670715   0.576738
      0.59   0.496828   0.667952   0.569819
       0.6   0.487796   0.669454   0.564367
      0.61   0.464731   0.671604   0.549336
      0.62   0.450026   0.672423   0.539192
      0.63   0.445025   0.672689   0.535671
      0.64   0.437635   0.675794   0.531244
      0.65   0.437038   0.681665   0.532605
      0.66   0.432037   0.686957    0.53046
      0.67   0.424199   0.688876   0.525069
      0.68   0.417855   0.693815   0.521583
      0.69   0.410017   0.694184   0.515535
       0.7   0.395312   0.703155   0.506098
      0.71    0.38852   0.710212   0.502273
      0.72   0.380981   0.714479   0.496965
      0.73   0.374039   0.718074   0.491868
      0.74   0.373516   0.723208   0.492612
      0.75   0.368217   0.727606   0.488978
      0.76   0.365306   0.734586   0.487954
      0.77   0.360454   0.750586   0.487024
      0.78   0.359707     0.7616   0.488632
      0.79   0.351646     0.7775   0.484268
       0.8    0.35075   0.785411   0.484937
      0.81   0.341644   0.787719   0.476586
      0.82   0.336419   0.791704    0.47219
      0.83   0.327835   0.796125   0.464425
      0.84   0.326192    0.79661   0.462856
      0.85   0.319475   0.799232   0.456481
      0.86   0.317086   0.800395   0.454225
      0.87   0.310667   0.799398   0.447445
      0.88   0.297231   0.799585   0.433366
      0.89   0.292528   0.803191   0.428862
       0.9   0.286631   0.802802   0.422436
      0.91   0.279092   0.806381   0.414667
      0.92   0.276928   0.804661   0.412047
      0.93   0.270508   0.805714   0.405032
      0.94   0.266328    0.80814   0.400627
      0.95   0.257894   0.807829   0.390972
      0.96   0.256102    0.81401   0.389622
      0.97   0.255206   0.818966   0.389147
      0.98   0.255206   0.823821   0.389692
      0.99   0.251847   0.833967   0.386866
