         0          1   0.406617   0.578148
      0.01   0.999762   0.404576   0.576043
      0.02   0.999762   0.428109   0.599504
      0.03   0.999762   0.456168   0.626486
      0.04   0.999524   0.481595   0.650003
      0.05   0.998771   0.490414   0.657825
      0.06    0.99782   0.498058   0.664455
      0.07   0.996195   0.501915   0.667514
      0.08   0.994134    0.50651   0.671096
      0.09   0.992865   0.508727   0.672749
       0.1   0.989337   0.513101   0.675741
      0.11   0.985849    0.51719   0.678454
      0.12   0.981647   0.519708   0.679613
      0.13   0.974433    0.52445   0.681896
      0.14    0.96706   0.528036    0.68309
      0.15   0.956754   0.533208   0.684781
      0.16   0.946329   0.538308   0.686251
      0.17   0.932456   0.543492   0.686721
      0.18    0.92326   0.547383   0.687287
      0.19     0.9101   0.550692   0.686182
       0.2   0.901815   0.553979   0.686342
      0.21   0.892818   0.559034   0.687557
      0.22   0.881679   0.563888   0.687852
      0.23   0.877319   0.566583   0.688515
      0.24   0.868836   0.570106   0.688462
      0.25   0.860552   0.571463   0.686828
      0.26   0.848422   0.573676   0.684509
      0.27   0.839821   0.576455   0.683651
      0.28     0.8267   0.578625   0.680767
      0.29   0.820438   0.580275   0.679768
       0.3   0.811241   0.583653   0.678881
      0.31   0.801094   0.585537   0.676561
      0.32   0.796298   0.585938   0.675111
      0.33   0.786824   0.588291   0.673226
      0.34   0.782702   0.589746    0.67266
      0.35   0.775289   0.589616   0.669824
      0.36   0.766529    0.58979   0.666644
      0.37   0.756778   0.590463   0.663355
      0.38   0.752775   0.591659   0.662563
      0.39   0.742984   0.592008   0.658959
       0.4   0.734422   0.592004   0.655567
      0.41   0.716228   0.591408    0.64786
      0.42   0.704297   0.593081   0.643922
      0.43   0.696964   0.592781   0.640665
      0.44   0.689749   0.592624   0.637509
      0.45   0.684755   0.592593   0.635349
      0.46   0.674608   0.591215   0.630164
      0.47   0.668186   0.589673   0.626479
      0.48    0.66113   0.589067   0.623022
      0.49   0.654709   0.590072   0.620712
       0.5   0.643055   0.589309    0.61501
      0.51   0.631441   0.589852   0.609939
      0.52   0.624187   0.589181   0.606179
      0.53    0.61511   0.589216   0.601885
      0.54   0.606945   0.588841   0.597756
      0.55   0.593388   0.587667   0.590514
      0.56   0.585976   0.587857   0.586915
      0.57   0.578127   0.587283   0.582669
      0.58   0.573014   0.586529   0.579693
      0.59   0.554939   0.583384   0.568806
       0.6   0.545545   0.582639   0.563482
      0.61   0.528976   0.580922   0.553733
      0.62   0.515657   0.578284   0.545178
      0.63   0.502656   0.576126   0.536889
      0.64   0.495045   0.576905    0.53285
      0.65   0.490368   0.576164   0.529815
      0.66   0.483154   0.572767   0.524158
      0.67   0.477327   0.570103   0.519606
      0.68   0.462819   0.567561   0.509866
      0.69   0.457032   0.565749   0.505612
       0.7   0.444823   0.562777   0.496896
      0.71   0.437292    0.55832    0.49045
      0.72   0.434676   0.555767   0.487819
      0.73    0.42877   0.552931   0.482999
      0.74   0.425638   0.549958   0.479877
      0.75   0.419296   0.544699   0.473841
      0.76   0.416046   0.543048   0.471138
      0.77   0.408356   0.538278   0.464401
      0.78   0.406731    0.53454   0.461958
      0.79   0.398525   0.529975   0.454946
       0.8   0.392064    0.52577   0.449178
      0.81   0.376486   0.517453   0.435855
      0.82   0.364595    0.51338    0.42638
      0.83   0.357777   0.508054   0.419874
      0.84   0.351395   0.501543   0.413253
      0.85   0.345331   0.496162   0.407229
      0.86   0.336412   0.489468   0.398757
      0.87   0.331219   0.487541   0.394457
      0.88   0.322261   0.480251   0.385704
      0.89   0.315007   0.476012   0.379124
       0.9   0.311678   0.471106   0.375156
      0.91   0.303869    0.46329   0.367015
      0.92   0.298042   0.459395   0.361532
      0.93   0.283296   0.449695   0.347608
      0.94   0.279293   0.443342   0.342696
      0.95   0.268273   0.435648   0.332062
      0.96   0.262486   0.429862   0.325943
      0.97   0.258443   0.420983   0.320271
      0.98   0.253766    0.41574    0.31516
      0.99   0.242588   0.407424   0.304105
