         0          1   0.364376   0.534128
      0.01          1   0.359244   0.528594
      0.02          1   0.359256   0.528607
      0.03          1   0.359326   0.528683
      0.04          1   0.359317   0.528673
      0.05          1   0.359398   0.528761
      0.06          1   0.359864   0.529265
      0.07          1    0.36009   0.529509
      0.08          1   0.360559   0.530016
      0.09          1   0.361202    0.53071
       0.1          1   0.361769   0.531322
      0.11          1   0.362156   0.531739
      0.12          1   0.363024   0.532674
      0.13   0.999845   0.364282   0.534005
      0.14   0.999534   0.365524   0.535294
      0.15   0.999275   0.366922   0.536754
      0.16   0.999275   0.367681   0.537566
      0.17   0.998912   0.369121   0.539051
      0.18   0.998498   0.369937    0.53986
      0.19   0.996788   0.371296   0.541053
       0.2   0.995701    0.37257   0.542244
      0.21   0.995493   0.374789    0.54456
      0.22   0.994406    0.37695   0.546673
      0.23   0.992955   0.378158   0.547721
      0.24   0.991298   0.379832   0.549221
      0.25   0.989174   0.380714   0.549814
      0.26   0.987413   0.382822   0.551735
      0.27   0.984149   0.383807   0.552245
      0.28   0.983372   0.385623   0.553998
      0.29   0.982647   0.387389   0.555703
       0.3   0.980679   0.389702   0.557761
      0.31   0.976742   0.392077   0.559545
      0.32   0.973893   0.393488    0.56051
      0.33   0.970319    0.39488   0.561325
      0.34   0.967418   0.396787   0.562758
      0.35   0.964258   0.398118   0.563557
      0.36   0.963377   0.399767   0.565056
      0.37   0.960477   0.402257   0.567035
      0.38   0.958249   0.403681   0.568057
      0.39   0.954261   0.406874     0.5705
       0.4   0.950842   0.408583   0.571562
      0.41   0.943642    0.41099   0.572594
      0.42   0.937685   0.413344   0.573765
      0.43   0.932608   0.414806   0.574213
      0.44   0.928568   0.417791   0.576291
      0.45    0.92603   0.419776   0.577684
      0.46    0.91826   0.421451   0.577739
      0.47   0.912354   0.423133   0.578137
      0.48   0.906035   0.426599   0.580075
      0.49   0.903497   0.427692   0.580561
       0.5   0.895053   0.430561   0.581429
      0.51   0.886817   0.434209   0.582977
      0.52   0.882051   0.436518   0.584013
      0.53   0.875058   0.438481   0.584217
      0.54    0.87195   0.440728    0.58551
      0.55   0.864543   0.444011   0.586704
      0.56   0.857964   0.446027   0.586929
      0.57   0.848174   0.448543   0.586778
      0.58   0.843667   0.450359   0.587242
      0.59   0.838902   0.454474   0.589557
       0.6   0.833774   0.456617   0.590077
      0.61   0.823206   0.458529   0.588989
      0.62   0.817198   0.461858   0.590168
      0.63   0.812795   0.463721   0.590529
      0.64   0.803419    0.46608   0.589929
      0.65   0.798291   0.468651   0.590587
      0.66   0.790054   0.471979   0.590934
      0.67   0.781352   0.472566   0.588938
      0.68   0.772391   0.474552   0.587901
      0.69   0.766382   0.475773   0.587082
       0.7   0.762031   0.479887    0.58891
      0.71   0.750013   0.482638   0.587327
      0.72   0.745144   0.484324   0.587069
      0.73   0.729863   0.486174   0.583601
      0.74   0.720539   0.488557   0.582293
      0.75   0.710438    0.49101   0.580686
      0.76   0.705776   0.491958   0.579782
      0.77   0.698057   0.495382    0.57951
      0.78   0.689769   0.497118   0.577808
      0.79   0.682984   0.500173   0.577455
       0.8   0.677389   0.500643   0.575757
      0.81   0.666874   0.502754   0.573299
      0.82   0.657239   0.505254   0.571311
      0.83    0.65237   0.506827   0.570462
      0.84   0.646465   0.510372   0.570413
      0.85   0.641751   0.511396   0.569205
      0.86   0.631598   0.514372   0.566989
      0.87   0.625745   0.515468   0.565278
      0.88   0.621342   0.518443   0.565248
      0.89   0.613779   0.518852   0.562338
       0.9   0.604766   0.522225   0.560473
      0.91   0.599741   0.525925   0.560413
      0.92   0.596322   0.527286   0.559683
      0.93   0.583787   0.529804   0.555487
      0.94   0.577519   0.532982   0.554357
      0.95    0.57094   0.534809   0.552284
      0.96   0.566589   0.535503   0.550608
      0.97   0.558664   0.536694   0.547458
      0.98   0.553743   0.538053   0.545785
      0.99   0.546957   0.540305   0.543611
