         0          1   0.374026   0.544424
      0.01   0.986296   0.367377   0.535347
      0.02    0.97277   0.367943   0.533931
      0.03    0.96282   0.369654    0.53421
      0.04   0.948519   0.367639   0.529895
      0.05   0.942442   0.365516   0.526741
      0.06   0.932015   0.362414   0.521891
      0.07   0.925401   0.361399   0.519799
      0.08   0.915569   0.358898    0.51566
      0.09     0.9083   0.357571   0.513136
       0.1    0.90115   0.355005   0.509352
      0.11   0.891855   0.353588   0.506405
      0.12   0.885599   0.352316    0.50409
      0.13     0.8797   0.351228    0.50202
      0.14   0.874993   0.350676   0.500688
      0.15   0.864089   0.349533    0.49773
      0.16   0.861229   0.349348   0.497066
      0.17   0.855151   0.349348   0.496049
      0.18   0.850146   0.349379   0.495234
      0.19   0.843055   0.348737   0.493382
       0.2   0.839421   0.348792   0.492812
      0.21   0.835131   0.349374    0.49265
      0.22   0.831794   0.352101   0.494766
      0.23   0.829709   0.354985   0.497233
      0.24   0.826491   0.356299   0.497938
      0.25   0.825359   0.356541   0.497968
      0.26   0.820831   0.356468    0.49707
      0.27   0.818149   0.356943   0.497038
      0.28   0.815289   0.357534    0.49708
      0.29   0.814157   0.357584   0.496918
       0.3   0.810403   0.356949   0.495605
      0.31   0.807067   0.356888   0.494921
      0.32   0.804922   0.356915   0.494543
      0.33   0.801883   0.356894   0.493947
      0.34   0.799797   0.356914    0.49357
      0.35   0.796222   0.356709   0.492692
      0.36   0.793779   0.356544   0.492065
      0.37     0.7908   0.356586   0.491532
      0.38   0.789072   0.356409   0.491029
      0.39   0.786153   0.355553   0.489652
       0.4   0.783293   0.355338   0.488892
      0.41   0.779181   0.354691   0.487478
      0.42   0.774951   0.354007   0.486003
      0.43   0.771078   0.353639   0.484892
      0.44   0.763272   0.352404   0.482183
      0.45    0.76071   0.352004   0.481297
      0.46   0.753441   0.350945   0.478848
      0.47   0.748972   0.350215   0.477264
      0.48    0.74492   0.349415   0.475697
      0.49   0.743073   0.348372   0.474354
       0.5   0.737413   0.346928   0.471862
      0.51   0.733361   0.345498   0.469709
      0.52   0.728594    0.34512   0.468379
      0.53   0.722874   0.343915   0.466085
      0.54   0.720968   0.343344   0.465165
      0.55   0.715843   0.341049   0.461992
      0.56   0.710004   0.339874   0.459695
      0.57   0.703867     0.3387   0.457332
      0.58   0.701305   0.338128    0.45627
      0.59   0.696836   0.336679   0.454005
       0.6   0.693619   0.335942   0.452651
      0.61   0.685396   0.334983   0.450021
      0.62   0.680987   0.333678   0.447893
      0.63   0.677769   0.333458   0.446996
      0.64   0.674015   0.332475   0.445296
      0.65   0.669904   0.331345   0.443385
      0.66   0.667163   0.329642    0.44126
      0.67   0.662873   0.328797   0.439563
      0.68   0.659179   0.327682   0.437754
      0.69   0.657034   0.326963   0.436639
       0.7   0.652982   0.326358   0.435204
      0.71   0.649348   0.325225   0.433388
      0.72   0.646607   0.324556   0.432183
      0.73   0.639099    0.32293    0.42906
      0.74   0.636894   0.322459   0.428148
      0.75   0.633141    0.32119    0.42618
      0.76   0.629327   0.320343    0.42457
      0.77   0.621641   0.318113   0.420859
      0.78   0.618721   0.317716   0.419841
      0.79    0.61455   0.315746   0.417162
       0.8   0.605374   0.314463   0.413916
      0.81   0.602336   0.314361   0.413115
      0.82   0.596616   0.313942   0.411403
      0.83   0.593219   0.313253   0.410002
      0.84   0.587916   0.311698   0.407402
      0.85   0.582435   0.310549   0.405102
      0.86   0.578264   0.309347   0.403069
      0.87   0.574987   0.308951   0.401934
      0.88   0.568373   0.307994   0.399503
      0.89     0.5645   0.307571   0.398188
       0.9   0.560508   0.306685    0.39645
      0.91   0.556694     0.3057   0.394672
      0.92   0.553238   0.305498   0.393632
      0.93   0.547399   0.303739   0.390692
      0.94   0.545314   0.303367   0.389853
      0.95   0.538342   0.302207   0.387106
      0.96   0.532265    0.30116    0.38467
      0.97   0.526068   0.299511   0.381704
      0.98   0.520288   0.298731   0.379542
      0.99   0.513555    0.29766   0.376879
