         0          1   0.176767   0.300428
      0.01   0.998751   0.182494     0.3086
      0.02   0.998751   0.188382   0.316977
      0.03   0.998751   0.196579   0.328501
      0.04   0.998394   0.211213   0.348665
      0.05   0.998349   0.220405   0.361092
      0.06   0.997635   0.232309   0.376862
      0.07   0.997278   0.237951   0.384225
      0.08   0.995806   0.243501   0.391315
      0.09   0.993976   0.245824   0.394166
       0.1   0.991701   0.248224   0.397063
      0.11   0.991076   0.250928   0.400464
      0.12   0.989916   0.252636    0.40254
      0.13   0.989648   0.254745    0.40519
      0.14   0.989648   0.256159   0.406977
      0.15   0.988979   0.258438    0.40979
      0.16   0.988622   0.259761   0.411421
      0.17   0.987595   0.261809   0.413895
      0.18   0.987015   0.262969   0.415292
      0.19   0.985097   0.264773   0.417366
       0.2   0.984784   0.266099   0.418984
      0.21    0.98407   0.267548   0.420713
      0.22   0.983713   0.269737   0.423382
      0.23   0.983312   0.270995   0.424892
      0.24   0.983223   0.272706   0.426983
      0.25   0.981572   0.273786    0.42815
      0.26   0.981036   0.275737   0.430481
      0.27   0.980947   0.276509   0.431412
      0.28   0.980768   0.278075   0.433297
      0.29   0.980768    0.27984   0.435438
       0.3   0.979876   0.281706   0.437604
      0.31   0.979519   0.283247   0.439426
      0.32   0.977422    0.28426   0.440431
      0.33   0.975503   0.285408   0.441611
      0.34    0.97412   0.286458   0.442725
      0.35   0.965686   0.287803   0.443446
      0.36   0.961314    0.28916   0.444589
      0.37   0.959484   0.290517   0.445994
      0.38   0.955245   0.290963   0.446059
      0.39   0.942974   0.291994   0.445911
       0.4   0.938155   0.293036   0.446581
      0.41   0.928026   0.295592   0.448371
      0.42    0.91879   0.296985   0.448877
      0.43   0.918299   0.298546   0.450599
      0.44   0.914685   0.300245   0.452092
      0.45   0.912454   0.301385   0.453107
      0.46   0.905002   0.303475   0.454531
      0.47   0.898264   0.304854   0.455216
      0.48   0.891125    0.30669    0.45633
      0.49   0.889831   0.307755   0.457336
       0.5   0.889251   0.309904   0.459628
      0.51   0.887064   0.311592   0.461186
      0.52   0.886707   0.312763    0.46242
      0.53   0.883673   0.314054   0.463413
      0.54    0.88345   0.315123   0.464545
      0.55   0.881933   0.316678   0.466021
      0.56   0.881041   0.317267   0.466533
      0.57   0.879122   0.318284   0.467361
      0.58    0.87814   0.318494   0.467449
      0.59   0.873857   0.319775   0.468214
       0.6   0.867253   0.320364   0.467889
      0.61   0.859399   0.321593   0.468042
      0.62   0.850877   0.322941   0.468186
      0.63   0.842756   0.323733   0.467777
      0.64   0.836643   0.326244   0.469435
      0.65   0.830664   0.327617   0.469902
      0.66   0.827317   0.329075    0.47086
      0.67   0.826023   0.330278   0.471879
      0.68   0.817991   0.331631   0.471931
      0.69   0.813172   0.332784   0.472288
       0.7   0.811164   0.334412   0.473583
      0.71    0.80871   0.335379   0.474131
      0.72   0.804783   0.336143   0.474215
      0.73   0.800277   0.337867   0.475137
      0.74   0.799607   0.338845   0.475984
      0.75   0.797912   0.340786   0.477594
      0.76   0.797466   0.342286   0.478984
      0.77   0.795234   0.344975   0.481203
      0.78   0.794744   0.346373    0.48247
      0.79    0.79287   0.349285   0.484939
       0.8   0.792825   0.351927   0.487471
      0.81    0.79162    0.35474   0.489932
      0.82   0.787917   0.357297   0.491647
      0.83   0.786578    0.35899   0.492984
      0.84   0.785819   0.362023   0.495686
      0.85   0.784659    0.36456   0.497826
      0.86   0.777698    0.36717    0.49883
      0.87   0.777029   0.370168    0.50145
      0.88   0.775021    0.37413   0.504649
      0.89   0.773549   0.376642   0.506613
       0.9   0.772969   0.381595   0.510948
      0.91   0.771139   0.387379   0.515699
      0.92   0.770961   0.389923   0.517907
      0.93   0.770291   0.394065   0.521395
      0.94   0.769087   0.397211   0.523862
      0.95   0.767748    0.40216   0.527832
      0.96     0.7669   0.404301   0.529471
      0.97   0.766811   0.408371   0.532927
      0.98   0.766052   0.411083   0.535047
      0.99   0.765651   0.414946   0.538209
