         0          1   0.361785    0.53134
      0.01   0.999595   0.363606   0.533243
      0.02   0.999595   0.365177    0.53493
      0.03   0.999595   0.366501    0.53635
      0.04    0.99947   0.367846   0.537771
      0.05    0.99947    0.36819   0.538137
      0.06   0.999376   0.368801   0.538777
      0.07   0.999376   0.369085    0.53908
      0.08   0.999314   0.369494   0.539507
      0.09   0.999283   0.369435   0.539439
       0.1   0.999095   0.370092   0.540112
      0.11   0.999095   0.370454   0.540497
      0.12   0.999002   0.370466   0.540496
      0.13   0.998939   0.371159   0.541224
      0.14   0.998877   0.371361    0.54143
      0.15   0.998877   0.372158   0.542276
      0.16   0.998503   0.372812   0.542915
      0.17   0.998191   0.373732   0.543844
      0.18   0.997879   0.374949   0.545085
      0.19   0.996974   0.376408   0.546489
       0.2   0.996319   0.377412   0.547447
      0.21   0.994885   0.378369   0.548236
      0.22   0.994386   0.379638   0.549491
      0.23   0.993575   0.379997   0.549742
      0.24   0.992826   0.382069   0.551792
      0.25   0.992327   0.383805   0.553522
      0.26   0.991391   0.386184   0.555846
      0.27   0.990674   0.387731   0.557333
      0.28   0.987367   0.390778   0.559943
      0.29   0.985621   0.392956   0.561892
       0.3   0.983936   0.396468   0.565196
      0.31   0.982158   0.400873   0.569359
      0.32   0.981472   0.402699   0.571082
      0.33    0.97826   0.406119   0.573961
      0.34   0.974891   0.408278   0.575528
      0.35   0.972115   0.412871   0.579585
      0.36   0.970087   0.415916   0.582213
      0.37   0.966656    0.41952   0.585108
      0.38   0.964192   0.421716   0.586786
      0.39   0.960699   0.425815   0.590084
       0.4   0.957891   0.428788   0.592397
      0.41    0.95209     0.4329   0.595181
      0.42   0.945758   0.438713   0.599386
      0.43   0.943481   0.440817   0.600886
      0.44    0.93927   0.445978   0.604793
      0.45   0.936556   0.448967   0.606966
      0.46   0.931535   0.454855   0.611247
      0.47   0.928135   0.457986   0.613327
      0.48   0.918309   0.462096   0.614815
      0.49   0.912445   0.464466    0.61558
       0.5   0.903431   0.468829    0.61731
      0.51   0.895259   0.473333   0.619258
      0.52   0.890549    0.47492   0.619479
      0.53   0.876326   0.479889   0.620166
      0.54   0.873456   0.482435   0.621562
      0.55   0.864348   0.486974   0.622968
      0.56   0.859108   0.489782   0.623884
      0.57   0.847224   0.492966   0.623274
      0.58   0.843731   0.496283   0.624963
      0.59   0.834654   0.501577   0.626603
       0.6   0.827261   0.504095   0.626456
      0.61   0.818871   0.508297   0.627245
      0.62   0.808734   0.513435   0.628108
      0.63   0.799906    0.51637     0.6276
      0.64   0.788366   0.517853   0.625098
      0.65   0.777105    0.51943   0.622662
      0.66   0.769807   0.524239   0.623723
      0.67   0.760823   0.526378   0.622251
      0.68   0.752682   0.528626   0.621064
      0.69   0.741391    0.53001   0.618128
       0.7   0.727355   0.534004   0.615861
      0.71   0.715689    0.53656   0.613313
      0.72   0.709233   0.537672    0.61165
      0.73   0.700187   0.539966   0.609727
      0.74   0.694074   0.541812   0.608563
      0.75   0.682377   0.544506   0.605695
      0.76   0.678821   0.546089   0.605263
      0.77   0.671335   0.550086   0.604692
      0.78   0.663724   0.550628    0.60191
      0.79   0.654523     0.5547   0.600491
       0.8   0.645852   0.555009   0.596994
      0.81   0.637211    0.55566   0.593648
      0.82   0.627417   0.557858   0.590597
      0.83   0.622957   0.561147   0.590439
      0.84   0.613381   0.561735   0.586423
      0.85   0.610387   0.563899   0.586223
      0.86   0.600967   0.565627   0.582762
      0.87   0.597785   0.568452    0.58275
      0.88    0.58743   0.570091   0.578631
      0.89   0.580256   0.571207   0.575696
       0.9   0.573238   0.575324   0.574279
      0.91   0.566407   0.575645   0.570988
      0.92   0.561042   0.575443   0.568151
      0.93   0.554679   0.577455   0.565838
      0.94    0.54975    0.57922   0.564101
      0.95    0.54111   0.582659   0.561117
      0.96   0.536744   0.582776   0.558814
      0.97   0.527573   0.583641   0.554193
      0.98   0.522208   0.585281   0.551949
      0.99   0.510106   0.585895    0.54538
