         0          1   0.298178   0.459379
      0.01   0.997985   0.265167   0.419004
      0.02   0.997666   0.264405   0.418024
      0.03   0.996394    0.26336   0.416605
      0.04   0.994855   0.262628   0.415555
      0.05    0.99231   0.262122     0.4147
      0.06   0.989976   0.262198    0.41459
      0.07   0.988438   0.262756   0.415153
      0.08   0.986051   0.263326   0.415651
      0.09   0.985892   0.264515   0.417117
       0.1    0.98446   0.266641   0.419626
      0.11   0.983294   0.268574   0.421909
      0.12    0.98149    0.26932   0.422662
      0.13   0.978679    0.27105   0.424525
      0.14   0.978043   0.271882   0.425485
      0.15   0.977194   0.273484   0.427363
      0.16   0.975497   0.274822   0.428831
      0.17   0.973111   0.277542   0.431901
      0.18   0.971201   0.278647   0.433048
      0.19   0.966746   0.281655   0.436221
       0.2   0.965792   0.283848   0.438748
      0.21   0.963352   0.286385   0.441516
      0.22   0.962132   0.289166   0.444684
      0.23   0.958154   0.291069     0.4465
      0.24   0.955343   0.294378   0.450071
      0.25   0.953858   0.297378   0.453402
      0.26   0.946327   0.301717   0.457553
      0.27   0.945213   0.303915   0.459944
      0.28   0.939433   0.306878   0.462631
      0.29   0.938001   0.310407   0.466453
       0.3   0.933864   0.314199   0.470199
      0.31   0.927818   0.318383   0.474083
      0.32   0.926014   0.320726   0.476438
      0.33   0.921506   0.324004   0.479437
      0.34   0.918854   0.327827   0.483243
      0.35   0.909944   0.330746    0.48515
      0.36   0.904269   0.333333   0.487108
      0.37   0.897269   0.336515   0.489461
      0.38   0.892336   0.339096    0.49144
      0.39    0.88401   0.343373   0.494622
       0.4   0.877168   0.346707   0.496979
      0.41   0.866985   0.350199   0.498885
      0.42   0.858499   0.354865   0.502159
      0.43   0.854203   0.356754   0.503305
      0.44   0.842482   0.361034    0.50546
      0.45    0.83755   0.364482   0.507927
      0.46   0.825086   0.368898   0.509844
      0.47   0.814797   0.370811   0.509672
      0.48    0.80663   0.375582   0.512524
      0.49    0.80175   0.378108   0.513873
       0.5   0.789923   0.382665    0.51557
      0.51   0.775073    0.38502   0.514473
      0.52   0.762556   0.388303   0.514577
      0.53   0.742933   0.391826   0.513062
      0.54   0.736197   0.394947   0.514097
      0.55   0.726863   0.398312   0.514619
      0.56   0.719279   0.400252   0.514309
      0.57   0.708406   0.404727   0.515143
      0.58    0.70008   0.407148   0.514864
      0.59   0.687616   0.409428   0.513251
       0.6   0.677645   0.410989   0.511659
      0.61   0.664704   0.414582    0.51066
      0.62   0.656219   0.420263   0.512381
      0.63   0.646513   0.423218    0.51156
      0.64   0.631344   0.425252   0.508199
      0.65   0.621586   0.426302   0.505748
      0.66   0.602599   0.427832   0.500395
      0.67   0.596394   0.428599   0.498762
      0.68   0.584885   0.431487    0.49661
      0.69   0.579634   0.434251   0.496519
       0.7   0.567117   0.438289   0.494449
      0.71   0.554972   0.441892   0.492018
      0.72   0.548502   0.445128   0.491437
      0.73   0.535084    0.44839   0.487916
      0.74   0.529568   0.449034   0.485987
      0.75   0.514771    0.45141   0.481013
      0.76   0.501458   0.453113   0.476061
      0.77   0.489897   0.455007   0.471807
      0.78   0.482471   0.457041   0.469412
      0.79   0.474092   0.458723   0.466281
       0.8   0.463803   0.457786   0.460774
      0.81    0.45415   0.458952   0.456538
      0.82   0.436012   0.460197   0.447778
      0.83   0.431875   0.463083   0.446935
      0.84   0.424874   0.466779   0.444842
      0.85   0.417979   0.469127   0.442079
      0.86   0.410872   0.474042   0.440203
      0.87   0.404879   0.474185     0.4368
      0.88   0.397507   0.475522   0.433029
      0.89   0.387855   0.476614   0.427678
       0.9   0.382286   0.477355   0.424563
      0.91   0.372368   0.476879   0.418193
      0.92   0.359586    0.47597   0.409673
      0.93   0.342615   0.477343    0.39891
      0.94   0.339114   0.475615    0.39593
      0.95   0.335243   0.479011   0.394435
      0.96   0.332379   0.481836    0.39339
      0.97   0.320605   0.481574   0.384939
      0.98   0.313551    0.48341   0.380379
      0.99   0.302095   0.482722   0.371623
