         0          1    0.48887   0.656699
      0.01   0.994964   0.498781   0.664463
      0.02   0.994499   0.509991   0.674229
      0.03   0.994206     0.5171   0.680343
      0.04   0.993203   0.520347   0.682911
      0.05   0.991932   0.521209   0.683352
      0.06   0.990294    0.52171   0.683393
      0.07   0.987849    0.52247    0.68346
      0.08     0.9867   0.524693   0.685082
      0.09   0.985306   0.525634   0.685547
       0.1   0.982886   0.527714   0.686724
      0.11   0.979659    0.53491   0.691985
      0.12   0.979023   0.537587   0.694061
      0.13   0.977287   0.540696   0.696207
      0.14   0.975527   0.542568   0.697308
      0.15   0.970906   0.546017   0.698956
      0.16   0.967141    0.54817   0.699734
      0.17   0.965014   0.553573   0.703556
      0.18   0.960246   0.557075   0.705097
      0.19    0.95411   0.562801   0.707984
       0.2   0.951103   0.566285   0.709898
      0.21   0.947753   0.572983   0.714189
      0.22   0.942399   0.581622   0.719307
      0.23   0.939587   0.588144   0.723442
      0.24    0.93482   0.596933    0.72861
      0.25    0.93081   0.602676   0.731636
      0.26   0.923451   0.612604   0.736575
      0.27   0.917315   0.619497   0.739549
      0.28   0.913623   0.628039    0.74438
      0.29   0.909026   0.635527   0.748062
       0.3   0.901472   0.646702   0.753124
      0.31   0.893722   0.657096   0.757357
      0.32   0.887854   0.664512   0.760117
      0.33   0.880201   0.673402   0.763038
      0.34   0.876485   0.680958   0.766448
      0.35   0.869835    0.69078   0.770035
      0.36   0.862109   0.697928    0.77138
      0.37   0.853063   0.708107   0.773855
      0.38   0.843455   0.716995   0.775101
      0.39   0.834385   0.727523   0.777298
       0.4   0.829079   0.734317   0.778826
      0.41   0.823089    0.74351   0.781278
      0.42   0.816097   0.751526   0.782482
      0.43   0.808151   0.756989   0.781734
      0.44   0.801183   0.764796   0.782567
      0.45   0.795658   0.771221   0.783249
      0.46   0.783874   0.781054   0.782461
      0.47   0.778128    0.78707   0.782574
      0.48   0.770256   0.796398   0.783109
      0.49   0.766515   0.802353   0.784025
       0.5   0.761332   0.811491   0.785612
      0.51   0.756613   0.819173   0.786651
      0.52   0.751259    0.82516   0.786477
      0.53   0.744462   0.833123   0.786301
      0.54   0.740331   0.836901   0.785659
      0.55   0.733827   0.842384   0.784367
      0.56   0.729671   0.847089   0.784008
      0.57   0.717569   0.852814   0.779368
      0.58   0.710332   0.856106   0.776436
      0.59   0.702557   0.861481   0.773945
       0.6   0.696494   0.865429   0.771826
      0.61   0.685272   0.870159   0.766727
      0.62   0.674441   0.873926   0.761333
      0.63   0.667033   0.877441   0.757905
      0.64    0.65921   0.882776   0.754786
      0.65   0.649064   0.885354   0.749015
      0.66   0.640727   0.888738   0.744624
      0.67   0.636253   0.891326   0.742493
      0.68   0.617843   0.894683   0.730928
      0.69   0.611119   0.897654   0.727178
       0.7    0.60266   0.901216   0.722303
      0.71   0.593052   0.903205   0.715983
      0.72   0.583712   0.906278   0.710079
      0.73   0.575253    0.91252   0.705659
      0.74   0.566867   0.913484   0.699596
      0.75   0.559337   0.916205   0.694616
      0.76   0.556892   0.918033   0.693249
      0.77   0.547406   0.917401   0.685675
      0.78    0.53594   0.918357   0.676869
      0.79   0.527358   0.919261   0.670224
       0.8   0.519437   0.920797   0.664192
      0.81   0.509731   0.922884   0.656732
      0.82   0.498826    0.92279    0.64759
      0.83   0.489585   0.922762   0.639744
      0.84   0.480319   0.922684   0.631763
      0.85    0.47318   0.922818   0.625587
      0.86   0.460735   0.921413   0.614301
      0.87   0.451567    0.92048   0.605895
      0.88   0.448487    0.92151   0.603337
      0.89   0.439881   0.921394   0.595476
       0.9   0.430492    0.92134   0.586803
      0.91   0.418928   0.920583   0.575819
      0.92   0.413916   0.921394   0.571223
      0.93   0.407339   0.922167   0.565074
      0.94   0.403917   0.921278   0.561607
      0.95   0.397878    0.92045   0.555593
      0.96   0.392695   0.921311   0.550673
      0.97   0.382744   0.922199   0.540968
      0.98   0.377145   0.921484   0.535231
      0.99   0.371473   0.921333   0.529469
