         0          1   0.242084   0.389803
      0.01   0.999701   0.227178   0.370225
      0.02   0.999701   0.227178   0.370225
      0.03   0.999522   0.226956   0.369918
      0.04   0.999402   0.226425   0.369203
      0.05   0.999402   0.226276   0.369005
      0.06   0.999044   0.225635   0.368128
      0.07   0.998566   0.225454   0.367855
      0.08   0.998028   0.225315   0.367633
      0.09   0.998028   0.225524   0.367912
       0.1   0.998028    0.22558   0.367986
      0.11   0.997968   0.226404   0.369078
      0.12   0.997968   0.226877   0.369705
      0.13   0.997968   0.228365   0.371678
      0.14   0.997968   0.229549   0.373246
      0.15   0.997968   0.232022   0.376508
      0.16   0.997848   0.233677   0.378675
      0.17   0.997251   0.236426   0.382232
      0.18   0.996952   0.238735   0.385222
      0.19   0.996772   0.242359   0.389913
       0.2   0.996772    0.24488   0.393168
      0.21   0.996474   0.249197    0.39869
      0.22   0.995876   0.254252   0.405084
      0.23   0.995398   0.257562   0.409234
      0.24   0.995218   0.261821   0.414576
      0.25   0.993904   0.265698   0.419304
      0.26   0.993067   0.271276   0.426143
      0.27   0.993007   0.275182   0.430941
      0.28   0.991573   0.280162   0.436885
      0.29   0.990258   0.284029   0.441443
       0.3   0.988883   0.290451   0.449018
      0.31   0.985177   0.296962   0.456363
      0.32   0.983444   0.301769   0.461827
      0.33   0.979977   0.308189   0.468912
      0.34   0.976511   0.312458    0.47343
      0.35   0.972685   0.319796   0.481339
      0.36   0.970594   0.324686   0.486595
      0.37   0.967844   0.332122   0.494539
      0.38   0.966888   0.337176   0.499993
      0.39   0.961688   0.344703     0.5075
       0.4   0.959178   0.348805   0.511575
      0.41   0.953499   0.356575   0.519045
      0.42   0.946208   0.363514   0.525241
      0.43   0.942861   0.367351    0.52871
      0.44   0.933118   0.373908   0.533884
      0.45   0.928755    0.37891   0.538234
      0.46   0.920328   0.383247   0.541147
      0.47   0.912916   0.386546   0.543123
      0.48   0.898153   0.390211   0.544053
      0.49   0.896121   0.393334   0.546704
       0.5   0.882434   0.398099   0.548671
      0.51   0.866177   0.401283   0.548471
      0.52   0.856135   0.403278   0.548288
      0.53   0.845377   0.406725   0.549214
      0.54   0.841791   0.410283   0.551681
      0.55   0.827207   0.414486   0.552255
      0.56    0.81854   0.415799   0.551466
      0.57   0.801566   0.420895    0.55196
      0.58   0.798159   0.422827   0.552804
      0.59   0.786624   0.423925   0.550939
       0.6   0.779093   0.425096   0.550062
      0.61   0.769051   0.425403   0.547793
      0.62   0.754707   0.427334   0.545686
      0.63   0.739167   0.427851   0.541985
      0.64   0.731158   0.427438   0.539489
      0.65   0.722491   0.427658   0.537285
      0.66   0.709701   0.429987   0.535519
      0.67   0.699779   0.429921   0.532619
      0.68   0.681669   0.429802   0.527198
      0.69   0.668101   0.427959   0.521723
       0.7    0.65812   0.428747    0.51923
      0.71   0.632538   0.427993    0.51054
      0.72   0.620644   0.426876   0.505839
      0.73   0.610484   0.424178   0.500557
      0.74   0.597514   0.423077   0.495388
      0.75   0.565776   0.422154   0.483525
      0.76   0.553344   0.420426   0.477813
      0.77   0.527643   0.417369   0.466072
      0.78   0.522264   0.417625   0.464119
      0.79    0.51306   0.415054   0.458883
       0.8   0.493037   0.410971   0.448279
      0.81   0.481083   0.407372    0.44117
      0.82    0.46632   0.405014   0.433511
      0.83   0.460582     0.4034   0.430099
      0.84   0.446118   0.400467   0.422062
      0.85   0.436555   0.399865   0.417405
      0.86   0.415337   0.398691   0.406843
      0.87   0.409181    0.39972   0.404395
      0.88   0.405893   0.399293   0.402566
      0.89   0.401948   0.398003   0.399966
       0.9   0.386648   0.397315   0.391909
      0.91   0.373379   0.393738   0.383288
      0.92   0.370629   0.392631   0.381313
      0.93   0.363397   0.389709   0.376093
      0.94   0.357899   0.387084    0.37192
      0.95   0.352818   0.385122   0.368263
      0.96   0.345586   0.384676   0.364085
      0.97   0.341522   0.381898   0.360583
      0.98   0.336621   0.379767   0.356895
      0.99   0.328731   0.376274   0.350899
