         0          1   0.319512   0.484288
      0.01   0.998301   0.297977   0.458962
      0.02   0.998301   0.297977   0.458962
      0.03   0.998301   0.297973   0.458957
      0.04   0.998301   0.297738   0.458677
      0.05   0.998231   0.297659   0.458576
      0.06   0.998018   0.297178   0.457983
      0.07   0.997381   0.296767   0.457428
      0.08   0.997098   0.296687   0.457304
      0.09   0.996249   0.296677   0.457202
       0.1   0.994409   0.296429   0.456714
      0.11   0.993064   0.296455   0.456602
      0.12   0.991436   0.296284   0.456228
      0.13   0.988888   0.295556   0.455095
      0.14   0.987189    0.29527   0.454575
      0.15   0.984571   0.294298   0.453146
      0.16    0.98174   0.293283   0.451643
      0.17   0.977705   0.292723   0.450551
      0.18   0.974167   0.292961   0.450456
      0.19   0.969495   0.292564   0.449486
       0.2   0.968434   0.292407   0.449188
      0.21   0.961002   0.291709   0.447562
      0.22   0.954562   0.291727   0.446881
      0.23   0.951518   0.291316   0.446066
      0.24   0.948192   0.291075   0.445417
      0.25   0.946988   0.290543   0.444661
      0.26   0.938283   0.288986   0.441876
      0.27   0.936372   0.288423   0.441006
      0.28   0.930073   0.287157   0.438827
      0.29   0.925048    0.28671   0.437745
       0.3   0.918112   0.286435   0.436644
      0.31   0.910326   0.285055   0.434159
      0.32   0.907071   0.284235   0.432838
      0.33   0.899002   0.282531   0.429943
      0.34    0.89518   0.281886   0.428758
      0.35   0.890509   0.281377   0.427633
      0.36   0.884847   0.281472   0.427087
      0.37   0.879609   0.279732   0.424473
      0.38   0.873169   0.279009    0.42289
      0.39   0.861844   0.277916     0.4203
       0.4   0.854413   0.277007   0.418374
      0.41    0.84231   0.275275   0.414943
      0.42   0.829004   0.273639   0.411462
      0.43   0.820016   0.273271   0.409932
      0.44   0.813009   0.272387   0.408059
      0.45   0.808762    0.27219   0.407302
      0.46   0.802817   0.271119   0.405348
      0.47   0.795173   0.270725   0.403929
      0.48   0.784486    0.26944   0.401114
      0.49   0.779319   0.269005   0.399955
       0.5   0.769835   0.269044   0.398736
      0.51   0.758299    0.26796   0.395989
      0.52   0.747682   0.266426   0.392862
      0.53   0.738906   0.265202   0.390315
      0.54   0.726874   0.262979   0.386224
      0.55   0.711161   0.260876   0.381724
      0.56   0.703518   0.259315    0.37895
      0.57   0.694175    0.25845   0.376663
      0.58   0.688159   0.257621   0.374895
      0.59    0.66636   0.256258   0.370164
       0.6   0.657371   0.256107   0.368607
      0.61   0.650577   0.255337   0.366738
      0.62   0.635572   0.252821   0.361746
      0.63   0.626371   0.252497   0.359911
      0.64   0.613844   0.252523   0.357839
      0.65   0.608748   0.251354   0.355798
      0.66   0.600326    0.25012   0.353117
      0.67   0.593531   0.247769   0.349598
      0.68   0.578526   0.245433   0.344652
      0.69   0.568547   0.243744   0.341208
       0.7   0.548163   0.241562   0.335346
      0.71   0.538396   0.240009   0.332012
      0.72   0.531248   0.239317   0.329983
      0.73    0.51688   0.237129   0.325108
      0.74   0.508458   0.236583   0.322915
      0.75   0.499752   0.235017   0.319693
      0.76   0.492038   0.234184   0.317334
      0.77   0.475334   0.230808   0.310734
      0.78   0.459622   0.227572   0.304418
      0.79    0.44299   0.225712   0.299051
       0.8   0.435133   0.224589   0.296265
      0.81   0.424234   0.222487   0.291892
      0.82   0.414396    0.22203   0.289141
      0.83   0.411919    0.22188   0.288409
      0.84   0.406894   0.219472   0.285142
      0.85    0.39748   0.218573   0.282048
      0.86   0.383325    0.21581    0.27615
      0.87   0.375115   0.213719   0.272299
      0.88   0.364499   0.212086   0.268148
      0.89   0.355227   0.210635   0.264457
       0.9   0.345035   0.208156   0.259661
      0.91   0.338311   0.205775     0.2559
      0.92   0.331658    0.20452   0.253016
      0.93   0.323731   0.202358   0.249044
      0.94   0.314743   0.200119   0.244671
      0.95    0.30448    0.19877   0.240523
      0.96   0.294076   0.196369    0.23549
      0.97   0.284167   0.194774   0.231128
      0.98   0.278647   0.193242   0.228216
      0.99    0.26987   0.192202   0.224509
