         0          1   0.384732   0.555677
      0.01   0.999427   0.368371   0.538325
      0.02   0.999427   0.369464   0.539492
      0.03   0.999427   0.371732   0.541905
      0.04   0.999427   0.372223   0.542426
      0.05   0.999141   0.372875   0.543076
      0.06   0.998568   0.373187   0.543322
      0.07   0.998453   0.374373   0.544561
      0.08   0.997365   0.376602   0.546752
      0.09   0.996907   0.378338    0.54851
       0.1   0.996391   0.381323   0.551561
      0.11   0.993813   0.383535   0.553473
      0.12   0.989631   0.385562   0.554924
      0.13   0.974393   0.388951   0.555973
      0.14   0.953197   0.390186   0.553712
      0.15   0.933032   0.394023   0.554063
      0.16   0.918366   0.396406   0.553778
      0.17   0.910461   0.401754   0.557502
      0.18   0.905534   0.405762    0.56041
      0.19   0.899633   0.409575   0.562886
       0.2   0.896024   0.413272    0.56565
      0.21   0.892759   0.418817   0.570158
      0.22   0.886801   0.424557   0.574211
      0.23   0.884051   0.428682   0.577386
      0.24   0.876203   0.434451   0.580882
      0.25   0.871964   0.438627   0.583656
      0.26   0.860277   0.443616   0.585374
      0.27   0.855923    0.44812   0.588257
      0.28    0.84607   0.453605    0.59058
      0.29   0.838165    0.45665   0.591201
       0.3   0.832436   0.462921   0.594974
      0.31   0.821036   0.467741   0.595963
      0.32    0.81525   0.472274    0.59808
      0.33   0.808719   0.479426   0.601983
      0.34   0.799954   0.481448   0.601117
      0.35   0.789127   0.486171   0.601664
      0.36   0.783513   0.487791   0.601257
      0.37   0.772628   0.493874   0.602574
      0.38   0.763634   0.496154   0.601498
      0.39   0.747193   0.498954   0.598348
       0.4   0.740433   0.501528   0.598003
      0.41   0.732298   0.504427    0.59737
      0.42   0.723419   0.506914   0.596117
      0.43    0.71494   0.509403   0.594919
      0.44   0.701421   0.511782    0.59178
      0.45   0.694775   0.513242   0.590369
      0.46   0.676214   0.512443   0.583047
      0.47   0.669856   0.513164   0.581133
      0.48   0.652784   0.513096   0.574572
      0.49   0.641269    0.51653    0.57218
       0.5   0.630557   0.520628   0.570344
      0.51   0.617725   0.520868   0.565177
      0.52   0.605064   0.520538   0.559628
      0.53   0.592518   0.523179   0.555694
      0.54   0.581233   0.524283   0.551291
      0.55   0.567942   0.524565   0.545393
      0.56   0.553621   0.525503   0.539196
      0.57   0.538497   0.524813   0.531567
      0.58   0.530534   0.524638   0.527569
      0.59    0.51667   0.522037    0.51934
       0.6   0.507275   0.519353   0.513243
      0.61   0.490261   0.518393   0.503935
      0.62   0.480007   0.515208   0.496985
      0.63   0.472273   0.513365   0.491963
      0.64   0.454457   0.508889   0.480135
      0.65    0.44615   0.507096   0.474675
      0.66   0.434636   0.502604   0.466155
      0.67   0.430053   0.500398   0.462566
      0.68   0.414012   0.494659   0.450757
      0.69   0.405706   0.491922   0.444673
       0.7   0.388061   0.485853   0.431486
      0.71   0.379468   0.483265   0.425123
      0.72   0.367324   0.480527   0.416368
      0.73   0.354892   0.477168   0.407046
      0.74   0.351627   0.477124   0.404874
      0.75   0.337821   0.474928    0.39481
      0.76   0.331577   0.472249   0.389604
      0.77   0.324301   0.469266   0.383543
      0.78   0.319947    0.46514   0.379118
      0.79   0.314849   0.462594   0.374683
       0.8   0.311526   0.460921   0.371777
      0.81   0.308719   0.456715    0.36841
      0.82   0.300183   0.452789   0.361022
      0.83   0.295658   0.449521   0.356705
      0.84   0.286606   0.447249   0.349345
      0.85    0.28231   0.442278   0.344636
      0.86   0.276638   0.438576   0.339274
      0.87   0.273889   0.436263   0.336513
      0.88    0.26816   0.433643   0.331391
      0.89    0.26415   0.433415   0.328246
       0.9    0.26014   0.428988   0.323879
      0.91   0.256588   0.425604   0.320159
      0.92   0.253036   0.425214   0.317271
      0.93   0.247995   0.421671   0.312312
      0.94     0.2445   0.421262   0.309416
      0.95   0.240605   0.418992   0.305676
      0.96   0.235449   0.418256   0.301292
      0.97   0.227887   0.414016   0.293966
      0.98   0.224966   0.411655   0.290937
      0.99   0.222789   0.410184   0.288747
