         0          1   0.289124   0.448559
      0.01   0.997527   0.279378   0.436504
      0.02   0.993939   0.281445   0.438675
      0.03   0.992484   0.286422   0.444551
      0.04   0.991515   0.293283   0.452669
      0.05   0.990642   0.296685   0.456618
      0.06   0.990497   0.303125   0.464191
      0.07   0.989963   0.306899   0.468545
      0.08   0.989963   0.313404   0.476088
      0.09   0.989963   0.317185   0.480438
       0.1   0.989672   0.323474   0.487582
      0.11   0.988751   0.330295   0.495175
      0.12   0.988702   0.334254   0.499605
      0.13   0.987781   0.339839   0.505697
      0.14   0.987539   0.342672   0.508794
      0.15   0.986715   0.347366   0.513839
      0.16   0.986618   0.350436   0.517176
      0.17   0.985793   0.355406   0.522453
      0.18   0.984824   0.358906   0.526087
      0.19    0.98269    0.36482     0.5321
       0.2   0.982157   0.368062    0.53546
      0.21   0.979635   0.373028   0.540314
      0.22   0.977405    0.37753   0.544676
      0.23   0.976435   0.382162   0.549326
      0.24   0.975756   0.386929   0.554124
      0.25   0.973768   0.390643   0.557597
      0.26   0.970714   0.394265   0.560768
      0.27    0.96858   0.396665   0.562832
      0.28   0.967029   0.401446   0.567361
      0.29    0.96315   0.404107   0.569338
       0.3   0.960289   0.408613   0.573287
      0.31   0.956604   0.411748     0.5757
      0.32   0.955004   0.414989   0.578567
      0.33   0.950495   0.418818   0.581437
      0.34   0.949476   0.421788     0.5841
      0.35   0.945306   0.425181   0.586545
      0.36   0.942591   0.427246    0.58798
      0.37   0.940118   0.430427   0.590499
      0.38   0.939149   0.433561   0.593247
      0.39   0.936918   0.438534   0.597433
       0.4   0.933766   0.440942   0.599017
      0.41   0.930421   0.444435   0.601535
      0.42   0.925863   0.447761   0.603608
      0.43   0.925427   0.449663   0.605241
      0.44   0.922566   0.453745   0.608307
      0.45   0.921887   0.455192   0.609458
      0.46    0.91859   0.457502   0.610797
      0.47   0.915875   0.460912   0.613222
      0.48   0.914275   0.464156   0.615724
      0.49    0.91282   0.466541   0.617486
       0.5   0.910638   0.470273   0.620241
      0.51   0.908505   0.474155   0.623106
      0.52   0.906177   0.476228   0.624342
      0.53   0.903753   0.478196   0.625451
      0.54   0.900601   0.480237   0.626434
      0.55   0.895462    0.48266   0.627236
      0.56   0.890807   0.484661   0.627771
      0.57   0.886201   0.487942   0.629359
      0.58   0.883728   0.489828   0.630298
      0.59   0.882031   0.491926   0.631598
       0.6   0.879558   0.494116   0.632761
      0.61   0.878443    0.49574   0.633801
      0.62   0.877376   0.499501   0.636586
      0.63   0.872139    0.49972   0.635379
      0.64   0.869085   0.501132   0.635704
      0.65   0.865303   0.502627   0.635887
      0.66    0.86089   0.504634    0.63629
      0.67   0.858757   0.506251   0.636987
      0.68   0.856963   0.508998    0.63866
      0.69   0.855411   0.510567   0.639461
       0.7   0.853326   0.512864   0.640672
      0.71   0.849496   0.515148   0.641363
      0.72   0.846974   0.516626   0.641784
      0.73   0.843726   0.518855   0.642562
      0.74   0.843095   0.520075   0.643314
      0.75   0.837907   0.522009   0.643268
      0.76   0.834562   0.523169   0.643157
      0.77   0.833156   0.525213   0.644279
      0.78   0.831701   0.526762   0.645006
      0.79   0.826852   0.528937   0.645163
       0.8   0.823216   0.530473   0.645191
      0.81   0.822052   0.532648   0.646438
      0.82   0.815991   0.533908   0.645476
      0.83   0.812936   0.535448    0.64564
      0.84   0.805663   0.536664    0.64421
      0.85   0.801299   0.537377   0.643322
      0.86   0.799215   0.540266    0.64471
      0.87   0.796208   0.542172   0.645081
      0.88   0.793202   0.544882   0.646001
      0.89   0.789226    0.54622   0.645613
       0.9   0.785056   0.548142   0.645549
      0.91   0.779529   0.549283   0.644458
      0.92   0.778704   0.550084   0.644727
      0.93   0.776329   0.552048   0.645255
      0.94   0.775165   0.553003   0.645504
      0.95   0.767213   0.554368   0.643651
      0.96   0.764255   0.554886   0.642955
      0.97   0.762655   0.557074   0.643852
      0.98   0.760425   0.559306    0.64454
      0.99   0.751843   0.562232   0.643358
