         0          1   0.108911   0.196429
      0.01   0.998659   0.123642   0.220041
      0.02   0.998659   0.123663   0.220074
      0.03   0.998659   0.123704    0.22014
      0.04   0.998659   0.124147   0.220841
      0.05   0.998659   0.124931    0.22208
      0.06   0.998659   0.126835   0.225083
      0.07   0.998659   0.128643   0.227926
      0.08   0.998659   0.131669   0.232662
      0.09   0.998659   0.133857   0.236071
       0.1   0.998122   0.137284    0.24137
      0.11   0.998122   0.141351   0.247633
      0.12   0.998122   0.144322   0.252181
      0.13   0.997586   0.148273   0.258174
      0.14   0.997452   0.151481   0.263018
      0.15   0.997049   0.155599   0.269188
      0.16   0.996513    0.15831   0.273215
      0.17   0.996513   0.163408   0.280775
      0.18   0.996379   0.166778   0.285729
      0.19   0.996111   0.171615   0.292787
       0.2   0.995976   0.174067   0.296342
      0.21   0.992892   0.178037   0.301934
      0.22   0.990612    0.18243   0.308117
      0.23   0.990343   0.185188   0.312028
      0.24   0.988868   0.188329     0.3164
      0.25   0.987929   0.191012   0.320129
      0.26    0.98632   0.194457   0.324866
      0.27   0.982698   0.196981   0.328178
      0.28   0.981223   0.201402   0.334206
      0.29   0.978541   0.203748   0.337271
       0.3   0.975188   0.207166   0.341734
      0.31   0.973578   0.208968   0.344082
      0.32   0.969957   0.211301   0.347007
      0.33   0.968348   0.214958   0.351818
      0.34   0.967006   0.216787   0.354175
      0.35   0.959898   0.218191   0.355561
      0.36   0.958825    0.22033   0.358321
      0.37   0.956009   0.222559   0.361063
      0.38   0.954131   0.223696   0.362422
      0.39   0.953058    0.22599   0.365348
       0.4   0.950241   0.227479   0.367082
      0.41   0.948364   0.230244   0.370531
      0.42   0.944474   0.231852   0.372309
      0.43   0.941389   0.232889   0.373402
      0.44   0.937768   0.234897   0.375689
      0.45   0.929185   0.236325   0.376813
      0.46   0.923954   0.236727    0.37689
      0.47   0.920467   0.236399   0.376184
      0.48   0.912822   0.236403   0.375547
      0.49   0.906921   0.236892    0.37566
       0.5   0.900483   0.237378   0.375713
      0.51   0.892302   0.236793   0.374266
      0.52   0.884925   0.238436   0.375655
      0.53   0.879962   0.237878   0.374514
      0.54   0.874866   0.238532   0.374859
      0.55   0.860649   0.239078   0.374206
      0.56   0.857698   0.239138      0.374
      0.57   0.839324   0.238903   0.371938
      0.58   0.836508   0.239434   0.372303
      0.59   0.827119   0.238185   0.369861
       0.6   0.810086   0.236493   0.366106
      0.61   0.793589   0.235678   0.363426
      0.62   0.782725   0.235935   0.362578
      0.63   0.775483   0.235741   0.361568
      0.64   0.767436   0.234726   0.359497
      0.65   0.764217   0.234955   0.359411
      0.66   0.759254   0.234743   0.358612
      0.67   0.751475   0.235086   0.358136
      0.68   0.724517   0.233205    0.35284
      0.69   0.719018   0.231744   0.350515
       0.7   0.702119   0.229319   0.345722
      0.71   0.679319   0.226792   0.340055
      0.72   0.669394   0.225641   0.337512
      0.73   0.664029   0.224134   0.335144
      0.74   0.647532   0.223237   0.332012
      0.75   0.628085   0.219506   0.325318
      0.76   0.620976   0.216931   0.321537
      0.77   0.599651    0.21533   0.316874
      0.78   0.593079   0.213483   0.313956
      0.79   0.580204   0.211705   0.310218
       0.8   0.571888   0.209408   0.306562
      0.81   0.558611   0.207852   0.302972
      0.82   0.535944   0.205347   0.296926
      0.83   0.533128   0.203616   0.294684
      0.84   0.496647   0.199636   0.284795
      0.85   0.487929   0.198093   0.281785
      0.86   0.467677   0.194748   0.274987
      0.87   0.463653   0.193742   0.273288
      0.88   0.454399   0.190997   0.268947
      0.89   0.447425   0.190306   0.267033
       0.9   0.429587   0.188841   0.262355
      0.91    0.40625   0.187082   0.256187
      0.92   0.403165   0.185874   0.254441
      0.93   0.398873   0.183967     0.2518
      0.94   0.378219   0.180527     0.2444
      0.95   0.360515   0.179262   0.239457
      0.96   0.356223   0.178179   0.237542
      0.97   0.344286   0.174694   0.231781
      0.98   0.336508   0.173188   0.228682
      0.99   0.326717   0.171019   0.224516
