         0          1   0.354609   0.523559
      0.01   0.998551   0.339855   0.507115
      0.02   0.998551   0.340068   0.507352
      0.03   0.998551    0.34054   0.507876
      0.04   0.998551   0.342531   0.510087
      0.05   0.998551   0.343966   0.511677
      0.06    0.99843   0.345425   0.513274
      0.07    0.99843   0.346235   0.514167
      0.08   0.998149   0.347402   0.515415
      0.09   0.998149   0.348508   0.516632
       0.1   0.998108   0.349605   0.517831
      0.11   0.997746    0.35152   0.519879
      0.12   0.997183   0.352663   0.521051
      0.13   0.997183   0.354864    0.52345
      0.14   0.997062   0.356698   0.525425
      0.15   0.995613   0.359767   0.528543
      0.16   0.995532   0.361823   0.530748
      0.17   0.995371   0.364774   0.533893
      0.18    0.99517   0.366373   0.535573
      0.19   0.994446   0.369685   0.538998
       0.2   0.992876   0.371505   0.540697
      0.21    0.99199   0.374284   0.543502
      0.22   0.990099   0.376903    0.54597
      0.23   0.989213    0.37914   0.548178
      0.24   0.988086   0.382905   0.551926
      0.25   0.986879   0.385214   0.554131
      0.26   0.985631   0.387571   0.556367
      0.27   0.985108   0.389989    0.55877
      0.28   0.984544   0.392184   0.560927
      0.29   0.982974   0.394133   0.562662
       0.3   0.980197   0.396147   0.564251
      0.31   0.978587   0.398421   0.566285
      0.32   0.976615   0.400191   0.567738
      0.33   0.974562   0.402521   0.569728
      0.34   0.973234   0.404264   0.571244
      0.35   0.971423   0.406886   0.573541
      0.36   0.968766   0.408664   0.574839
      0.37   0.966351   0.410768   0.576488
      0.38   0.965345   0.413015   0.578516
      0.39   0.962045   0.416134   0.580969
       0.4   0.961481   0.418004   0.582685
      0.41   0.959871   0.420165   0.584483
      0.42   0.956893   0.423205    0.58686
      0.43     0.9548   0.424711    0.58791
      0.44   0.952103   0.427108   0.589686
      0.45   0.949165   0.428554   0.590495
      0.46   0.948078   0.430711   0.592328
      0.47   0.946911   0.433005   0.594264
      0.48   0.941638   0.435837   0.595874
      0.49   0.940109   0.437413   0.597037
       0.5   0.938458   0.439707   0.598835
      0.51   0.933789   0.442334   0.600305
      0.52   0.932099    0.44317   0.600724
      0.53   0.928638   0.445068   0.601741
      0.54   0.925377   0.446728   0.602566
      0.55   0.921835   0.448671   0.603573
      0.56    0.91942   0.449806   0.604079
      0.57    0.91769   0.452104   0.605772
      0.58   0.916442   0.453963   0.607164
      0.59    0.91298   0.456205     0.6084
       0.6    0.91129   0.457203    0.60891
      0.61    0.90803   0.459031   0.609795
      0.62   0.904971   0.461959   0.611676
      0.63   0.897806   0.463329   0.611225
      0.64   0.887865   0.465209   0.610525
      0.65   0.883156   0.466918   0.610872
      0.66   0.876514   0.469916   0.611822
      0.67   0.875226   0.471451   0.612806
      0.68   0.872771   0.473177   0.613657
      0.69   0.864198   0.474291   0.612454
       0.7   0.858442   0.477617   0.613755
      0.71   0.854095    0.48011   0.614688
      0.72   0.851841   0.481168   0.614968
      0.73   0.845562    0.48355   0.615255
      0.74   0.843107   0.485383   0.616083
      0.75   0.839485   0.488436   0.617559
      0.76   0.833286   0.489441   0.616672
      0.77    0.82588   0.491658   0.616378
      0.78   0.824029   0.494448   0.618046
      0.79   0.817066   0.496531   0.617691
       0.8   0.812477   0.497904   0.617432
      0.81   0.808654   0.500427   0.618254
      0.82   0.799477   0.502065   0.616791
      0.83   0.796498    0.50247   0.616206
      0.84   0.793037   0.504513   0.616696
      0.85   0.786637   0.505861   0.615752
      0.86   0.779996   0.506529   0.614198
      0.87   0.774965    0.50781   0.613568
      0.88   0.767921   0.510127   0.613024
      0.89   0.764943   0.511974   0.613401
       0.9   0.756852   0.513655   0.611977
      0.91   0.748642   0.515519   0.610585
      0.92   0.743087   0.516512   0.609422
      0.93   0.736486   0.518986   0.608896
      0.94   0.731938    0.52046   0.608344
      0.95   0.721191   0.521967   0.605616
      0.96   0.716724   0.523582   0.605115
      0.97   0.706702   0.526195   0.603234
      0.98   0.705494   0.527422   0.603598
      0.99   0.698088   0.528302   0.601442
