         0          1   0.308236   0.471224
      0.01   0.998843   0.314287    0.47813
      0.02   0.998843   0.340247   0.507589
      0.03   0.998843   0.364945   0.534574
      0.04   0.998843   0.379637   0.550168
      0.05   0.998843   0.384631   0.555393
      0.06   0.998742   0.389444   0.560377
      0.07   0.998541   0.392627   0.563633
      0.08   0.998491   0.397154   0.568275
      0.09    0.99829   0.400275    0.57143
       0.1   0.997636    0.40314   0.574235
      0.11   0.997435   0.405591   0.576683
      0.12   0.996429   0.406806   0.577741
      0.13   0.995372   0.409847   0.580621
      0.14   0.994014   0.412178   0.582723
      0.15    0.99341   0.415051   0.585484
      0.16   0.992857    0.41693   0.587254
      0.17   0.992203   0.420274   0.590448
      0.18   0.991751   0.422646   0.592704
      0.19   0.991247   0.425081   0.595004
       0.2   0.990342   0.426488   0.596217
      0.21   0.989638   0.428945   0.598484
      0.22   0.988883   0.431087   0.600428
      0.23   0.988179   0.432624   0.601786
      0.24   0.987324   0.434072   0.603026
      0.25   0.986922   0.435157   0.603997
      0.26   0.982093   0.435932   0.603834
      0.27   0.978974   0.436952   0.604219
      0.28    0.97495   0.438838   0.605247
      0.29   0.974095   0.439812   0.606007
       0.3   0.972787   0.441401   0.607259
      0.31   0.968209    0.44243   0.607334
      0.32   0.966851   0.443395   0.607975
      0.33   0.964034   0.444934   0.608859
      0.34   0.962072   0.445699   0.609182
      0.35    0.96001   0.446236   0.609269
      0.36   0.956992   0.446979   0.609351
      0.37    0.95327   0.447809   0.609363
      0.38   0.951459   0.448715    0.60983
      0.39   0.945473   0.449327   0.609158
       0.4   0.942757   0.450029   0.609236
      0.41   0.933853   0.449236   0.606643
      0.42   0.929276   0.448882   0.605352
      0.43   0.923843    0.44936   0.604627
      0.44     0.9166   0.449337   0.603047
      0.45   0.913229   0.449684   0.602628
      0.46   0.905282   0.450055   0.601218
      0.47   0.904427   0.450467   0.601397
      0.48   0.895674   0.451412   0.600285
      0.49   0.891197   0.452272   0.600034
       0.5   0.884557   0.454255   0.600255
      0.51   0.881992   0.454499   0.599876
      0.52   0.880382   0.454424   0.599438
      0.53   0.872636    0.45425   0.597482
      0.54   0.868209   0.453977   0.596205
      0.55   0.865141   0.453541   0.595104
      0.56   0.862022   0.452727   0.593666
      0.57     0.8584   0.451702   0.591925
      0.58   0.852314   0.451422   0.590232
      0.59   0.847183    0.45133   0.588919
       0.6   0.837827   0.450226   0.585708
      0.61   0.830835   0.449504   0.583382
      0.62   0.829376   0.449037   0.582629
      0.63   0.825855   0.448276   0.581119
      0.64   0.815141   0.447462   0.577766
      0.65   0.809306   0.446844   0.575781
      0.66   0.801408   0.445646   0.572781
      0.67   0.794718   0.446177   0.571499
      0.68   0.782746   0.444424   0.566949
      0.69   0.778521   0.444414   0.565828
       0.7   0.772233    0.44337   0.563317
      0.71   0.764386   0.442642   0.560632
      0.72    0.75659    0.44225    0.55821
      0.73   0.749447   0.440637   0.554976
      0.74   0.742455   0.439436   0.552101
      0.75   0.736167   0.438368   0.549515
      0.76   0.733199   0.437929   0.548342
      0.77   0.727867   0.435722   0.545119
      0.78   0.722435    0.43363   0.541958
      0.79   0.712123   0.431792   0.537608
       0.8   0.708199   0.430853   0.535761
      0.81   0.698541   0.428695   0.531319
      0.82   0.691801   0.427709   0.528605
      0.83    0.68667   0.426353    0.52607
      0.84    0.67993   0.425343   0.523316
      0.85   0.674598   0.424659   0.521214
      0.86   0.667606   0.422948   0.517833
      0.87   0.664889   0.421508   0.515937
      0.88   0.660714   0.420378   0.513831
      0.89   0.659557    0.42013   0.513296
       0.9   0.650805   0.419667   0.510282
      0.91   0.643209   0.418121   0.506796
      0.92   0.639588   0.417728   0.505381
      0.93   0.629829   0.414041   0.499632
      0.94   0.625654   0.412547   0.497229
      0.95   0.616449   0.410657   0.492937
      0.96   0.608048   0.408419    0.48863
      0.97   0.590795   0.406593   0.481685
      0.98   0.581791    0.40454   0.477239
      0.99   0.574497   0.402415     0.4733
