         0          1   0.363236   0.532903
      0.01          1   0.351089   0.519712
      0.02          1   0.351089   0.519712
      0.03          1   0.351089   0.519712
      0.04          1   0.351089   0.519712
      0.05          1   0.351069   0.519691
      0.06          1   0.351112   0.519738
      0.07          1   0.351094   0.519718
      0.08          1   0.351026   0.519643
      0.09          1    0.35105   0.519669
       0.1          1   0.351178    0.51981
      0.11   0.999914   0.351233   0.519858
      0.12   0.999914   0.351405   0.520048
      0.13   0.999914   0.351296   0.519928
      0.14   0.999914   0.351496   0.520147
      0.15   0.999914   0.351284   0.519915
      0.16   0.999828   0.351537    0.52018
      0.17   0.999785   0.352034   0.520718
      0.18   0.999785   0.352336   0.521049
      0.19   0.999785   0.352579   0.521314
       0.2   0.999569   0.353019   0.521765
      0.21   0.999569   0.352864   0.521597
      0.22   0.999225   0.353526   0.522272
      0.23   0.999225   0.353808    0.52258
      0.24   0.998665   0.354337   0.523079
      0.25   0.998665   0.354265   0.523002
      0.26   0.997976   0.354374   0.523025
      0.27   0.996857   0.354571   0.523086
      0.28    0.99591   0.354784   0.523188
      0.29   0.994446   0.355115   0.523344
       0.3   0.992853   0.355243   0.523262
      0.31   0.990915   0.355459   0.523227
      0.32   0.989882   0.355056   0.522646
      0.33   0.987858    0.35422   0.521458
      0.34   0.986093   0.353793   0.520751
      0.35    0.97929   0.352877   0.518808
      0.36   0.970679   0.352731   0.517434
      0.37   0.966073   0.353256    0.51734
      0.38   0.962714   0.353436    0.51705
      0.39   0.950056   0.354061   0.515871
       0.4   0.942521   0.354389   0.515099
      0.41   0.927151   0.354035   0.512407
      0.42   0.914363   0.352459   0.508793
      0.43   0.906183   0.352654   0.507721
      0.44   0.896366   0.353444   0.506981
      0.45   0.887281    0.35379   0.505872
      0.46   0.873805   0.354503   0.504379
      0.47   0.864807   0.355684   0.504057
      0.48   0.850211   0.355826   0.501688
      0.49   0.841944   0.354881   0.499304
       0.5   0.824335   0.354885   0.496165
      0.51   0.811418   0.356289   0.495158
      0.52   0.797856   0.355501   0.491849
      0.53   0.780677    0.35582   0.488837
      0.54   0.768794   0.356817   0.487413
      0.55   0.750452   0.357804   0.484572
      0.56   0.735469   0.358737   0.482249
      0.57   0.715793   0.360889   0.479847
      0.58   0.694265   0.362757   0.476527
      0.59   0.682037   0.364392   0.475004
       0.6   0.666581   0.365079   0.471773
      0.61   0.644192   0.367471   0.467986
      0.62   0.630328   0.368547   0.465135
      0.63   0.621932   0.369295   0.463418
      0.64   0.611427   0.372979   0.463324
      0.65   0.600792   0.374201   0.461167
      0.66   0.588694   0.376481   0.459258
      0.67   0.583915   0.376977   0.458163
      0.68   0.573323   0.380162   0.457177
      0.69   0.567898   0.382582   0.457174
       0.7   0.562344   0.381961   0.454924
      0.71   0.554723   0.384118   0.453919
      0.72   0.548652   0.387322   0.454083
      0.73   0.533411   0.391065   0.451279
      0.74    0.52889   0.394838   0.452137
      0.75   0.522087   0.399341   0.452538
      0.76   0.516017   0.400718   0.451117
      0.77   0.508611   0.403771   0.450167
      0.78   0.500431   0.405576   0.448038
      0.79   0.490054   0.408991   0.445868
       0.8   0.477439   0.411032   0.441754
      0.81   0.468441   0.412455   0.438669
      0.82   0.458667   0.416648   0.436649
      0.83   0.450271   0.416458   0.432705
      0.84   0.440584   0.417297   0.428624
      0.85    0.42728   0.419417   0.423312
      0.86   0.421295   0.422961   0.422126
      0.87   0.417549   0.426036    0.42175
      0.88   0.410531   0.429787   0.419939
      0.89   0.405451   0.432102   0.418352
       0.9   0.395634   0.435003   0.414386
      0.91   0.392491     0.4395   0.414667
      0.92   0.388961   0.444577   0.414913
      0.93   0.385344   0.446549   0.413695
      0.94   0.383234   0.449271   0.413633
      0.95   0.378412   0.451788   0.411857
      0.96   0.373633   0.453268   0.409616
      0.97   0.364893   0.455496   0.405191
      0.98   0.359898   0.455792   0.402208
      0.99   0.353483   0.457323   0.398754
