         0          1   0.164811   0.282983
      0.01          1   0.154894    0.26824
      0.02          1   0.154999   0.268397
      0.03          1   0.155345   0.268915
      0.04          1   0.155979   0.269865
      0.05          1   0.156284   0.270321
      0.06          1   0.156896   0.271236
      0.07   0.999905   0.157323    0.27187
      0.08   0.999619   0.157982   0.272844
      0.09   0.999619   0.158745   0.273981
       0.1   0.999524   0.159611   0.275266
      0.11   0.999333   0.160969   0.277275
      0.12   0.999333   0.161809   0.278521
      0.13   0.999143   0.162924   0.280163
      0.14   0.999047   0.164168   0.281997
      0.15   0.998952   0.166435    0.28533
      0.16   0.998952   0.167843   0.287398
      0.17   0.997809   0.170651   0.291456
      0.18   0.997237   0.171845   0.293171
      0.19   0.997142   0.174454   0.296954
       0.2   0.996761   0.176478   0.299865
      0.21    0.99638   0.179237    0.30382
      0.22   0.994475   0.181642   0.307177
      0.23   0.994379   0.184075   0.310646
      0.24   0.992665   0.187064   0.314804
      0.25   0.991331   0.189064   0.317564
      0.26   0.985901   0.191899   0.321266
      0.27   0.980852   0.193822   0.323683
      0.28   0.978756   0.196437   0.327204
      0.29   0.977232   0.198946    0.33059
       0.3   0.973326   0.201978   0.334535
      0.31   0.968181   0.204904   0.338226
      0.32    0.96418   0.206816   0.340579
      0.33   0.955225   0.209743   0.343961
      0.34   0.946461   0.211193    0.34533
      0.35   0.937982   0.214737   0.349469
      0.36   0.930647     0.2164   0.351149
      0.37   0.921216   0.217732   0.352216
      0.38   0.914547   0.218807   0.353127
      0.39   0.907307   0.221599     0.3562
       0.4   0.900067   0.223696   0.358335
      0.41   0.887682   0.225559   0.359715
      0.42   0.880918   0.228885    0.36336
      0.43   0.868915   0.229361   0.362924
      0.44   0.843479   0.231099   0.362798
      0.45    0.83319    0.23254     0.3636
      0.46   0.820425   0.234248   0.364441
      0.47   0.803468   0.235838   0.364644
      0.48   0.790416   0.237925   0.365754
      0.49   0.777937   0.237169   0.363513
       0.5   0.759455   0.237394    0.36172
      0.51   0.755549   0.238786   0.362885
      0.52   0.752405    0.24048    0.36447
      0.53    0.72516   0.241541   0.362378
      0.54   0.724302   0.244838   0.365967
      0.55     0.7183   0.247122   0.367731
      0.56   0.710393   0.247443   0.367039
      0.57   0.699057   0.246785    0.36479
      0.58   0.688101   0.248114   0.364719
      0.59   0.669906   0.246244   0.360117
       0.6   0.663904    0.24369   0.356518
      0.61   0.646947   0.243506   0.353833
      0.62   0.630847   0.241288   0.349065
      0.63   0.620654   0.240777   0.346956
      0.64   0.595885   0.234723   0.336784
      0.65   0.585024   0.233063   0.333332
      0.66   0.557016   0.228811   0.324375
      0.67   0.550919   0.228643   0.323165
      0.68   0.543965    0.22858   0.321895
      0.69   0.537296   0.227536   0.319689
       0.7   0.530342    0.22624   0.317176
      0.71   0.509384   0.222771   0.309978
      0.72   0.502143   0.220722   0.306652
      0.73   0.486044   0.217883   0.300885
      0.74   0.480709   0.215132    0.29724
      0.75    0.46842   0.213248   0.293074
      0.76    0.45794   0.210127   0.288072
      0.77   0.450891   0.207687   0.284383
      0.78    0.44003   0.203214   0.278029
      0.79   0.423169    0.20044   0.272029
       0.8    0.41288   0.196941   0.266679
      0.81   0.405354   0.192868   0.261374
      0.82   0.392112   0.189824   0.255809
      0.83   0.388397   0.187698   0.253088
      0.84   0.380109   0.186813   0.250508
      0.85   0.372868    0.18595   0.248149
      0.86   0.364485    0.18055   0.241481
      0.87   0.355721   0.176798   0.236201
      0.88   0.345527   0.170817   0.228615
      0.89   0.332285   0.168291   0.223425
       0.9    0.32314   0.165471   0.218866
      0.91   0.314566   0.160788   0.212803
      0.92   0.309517   0.159741   0.210727
      0.93    0.29799   0.156338   0.205082
      0.94   0.295322   0.155271   0.203531
      0.95   0.289892   0.151911   0.199355
      0.96   0.281985   0.149976   0.195809
      0.97   0.272078   0.145751   0.189817
      0.98   0.270839   0.144135   0.188144
      0.99   0.268934   0.141855   0.185738
