         0          1   0.317058   0.481463
      0.01   0.992609   0.304533   0.466074
      0.02   0.992609   0.304501   0.466037
      0.03   0.992609   0.304671   0.466236
      0.04   0.992462    0.30497   0.466569
      0.05    0.99207   0.305471   0.467113
      0.06   0.991238   0.306349   0.468046
      0.07   0.990699   0.307226   0.469008
      0.08   0.990161   0.308697   0.470659
      0.09   0.989916   0.309925   0.472057
       0.1   0.989476   0.312349   0.474814
      0.11   0.988595     0.3146   0.477307
      0.12   0.987567   0.316522   0.479394
      0.13   0.986979   0.318494   0.481584
      0.14   0.986686    0.31995   0.483211
      0.15   0.986294    0.32208   0.485588
      0.16   0.985756   0.324533   0.488305
      0.17   0.984287   0.326467   0.490309
      0.18   0.982574    0.32794   0.491754
      0.19   0.979343   0.329412   0.492999
       0.2   0.978707    0.33092   0.494604
      0.21   0.977189   0.332276   0.495922
      0.22   0.971462   0.333522   0.496564
      0.23   0.970336   0.335202   0.498275
      0.24   0.966567   0.337339   0.500129
      0.25   0.965343    0.33915   0.501952
      0.26   0.960987   0.341768   0.504215
      0.27   0.958295   0.342972   0.505152
      0.28   0.953693   0.344906   0.506599
      0.29   0.952029   0.345245   0.506729
       0.3   0.947428   0.346693   0.507629
      0.31    0.94033   0.347834   0.507822
      0.32   0.937736   0.348666   0.508327
      0.33    0.93289   0.350741   0.509808
      0.34   0.929806   0.352521   0.511221
      0.35   0.923393   0.353016   0.510765
      0.36   0.919967   0.354208   0.511483
      0.37   0.917764   0.356804    0.51384
      0.38   0.912673   0.357694   0.513958
      0.39   0.909002   0.360014    0.51576
       0.4   0.905967   0.360784   0.516058
      0.41   0.899212   0.361813   0.516003
      0.42   0.895932   0.362956    0.51662
      0.43   0.891527   0.364065   0.517005
      0.44   0.883058   0.364512    0.51602
      0.45   0.881247   0.365703     0.5169
      0.46   0.877282   0.367316   0.517822
      0.47   0.873758   0.367794   0.517679
      0.48   0.869597   0.370056   0.519177
      0.49   0.867786   0.371414   0.520187
       0.5   0.858975    0.37149   0.518667
      0.51   0.853688   0.372195   0.518383
      0.52   0.849626    0.37229   0.517723
      0.53   0.844045   0.373136   0.517496
      0.54   0.839444   0.373928   0.517387
      0.55   0.833864   0.375381   0.517706
      0.56   0.828381   0.376721   0.517912
      0.57   0.823682   0.376897   0.517156
      0.58   0.819668   0.376496   0.515986
      0.59   0.812424    0.37683   0.514853
       0.6   0.805228   0.376682   0.513262
      0.61   0.797641   0.377836   0.512775
      0.62   0.792599   0.378926   0.512727
      0.63    0.78927   0.380102   0.513101
      0.64     0.7832   0.381354   0.512946
      0.65   0.780606   0.382449   0.513376
      0.66   0.772627   0.383179   0.512291
      0.67   0.766998   0.383781   0.511583
      0.68   0.758138   0.384814   0.510506
      0.69    0.75476    0.38559   0.510419
       0.7   0.752949   0.388777   0.512784
      0.71   0.750306    0.39031   0.513498
      0.72    0.74453   0.390767   0.512532
      0.73   0.736845   0.393638   0.513144
      0.74   0.731264   0.395621   0.513457
      0.75   0.721866   0.396177   0.511585
      0.76   0.720838   0.397264   0.512231
      0.77   0.716775     0.3984   0.512141
      0.78   0.714768   0.399518   0.512548
      0.79   0.711978   0.400547   0.512672
       0.8   0.708552   0.400727   0.511928
      0.81   0.702971   0.402776   0.512124
      0.82   0.699447   0.404769   0.512788
      0.83   0.694943   0.405303   0.511999
      0.84   0.689902   0.406529   0.511597
      0.85   0.688776   0.406906   0.511585
      0.86   0.684664   0.408611   0.511785
      0.87   0.681923    0.40993   0.512048
      0.88   0.681727   0.411983   0.513591
      0.89    0.68021   0.412408    0.51349
       0.9    0.67414   0.412164   0.511563
      0.91   0.666601   0.413932   0.510725
      0.92   0.660923   0.414796   0.509702
      0.93   0.658574   0.416308   0.510139
      0.94   0.655343   0.418103   0.510507
      0.95    0.65177   0.419019   0.510099
      0.96   0.649175    0.41943   0.509605
      0.97   0.646238   0.419594   0.508819
      0.98   0.644035   0.420475    0.50878
      0.99   0.634343   0.421483   0.506456
