         0          1    0.28722   0.446264
      0.01   0.998826   0.289388   0.448758
      0.02   0.998826   0.290325   0.449884
      0.03   0.998673   0.291976   0.451848
      0.04   0.998366   0.295945   0.456554
      0.05   0.997805   0.299703   0.460953
      0.06   0.996529    0.30475    0.46676
      0.07    0.99612    0.30803   0.470551
      0.08   0.994793   0.312196   0.475246
      0.09   0.993006   0.315595   0.478966
       0.1   0.986982   0.320381   0.483738
      0.11   0.985145    0.32412   0.487762
      0.12   0.983562   0.326444   0.490193
      0.13   0.981112   0.329624    0.49346
      0.14   0.978713   0.332009    0.49582
      0.15   0.974424   0.335474   0.499113
      0.16   0.969881   0.338253   0.501577
      0.17   0.964572   0.341006   0.503876
      0.18   0.963806   0.343143     0.5061
      0.19   0.958803   0.346565    0.50911
       0.2   0.952933   0.348259   0.510098
      0.21   0.950482   0.351922   0.513659
      0.22   0.945326   0.353936   0.515038
      0.23   0.942315   0.356023   0.516793
      0.24   0.935678   0.358446   0.518328
      0.25   0.930573   0.359696   0.518843
      0.26   0.926489   0.360913   0.519468
      0.27   0.923631   0.362458   0.520614
      0.28   0.921333   0.363855   0.521685
      0.29    0.91827   0.365018   0.522385
       0.3   0.914595   0.366405   0.523204
      0.31   0.910562   0.368758   0.524931
      0.32   0.908214   0.369216   0.525003
      0.33   0.904947   0.368783   0.524019
      0.34   0.902649   0.369239   0.524092
      0.35    0.89928   0.370022    0.52431
      0.36   0.897749   0.370415   0.524442
      0.37    0.89295   0.371566    0.52477
      0.38   0.889172   0.371677   0.524226
      0.39   0.883098   0.372088   0.523572
       0.4   0.880086   0.373021   0.523963
      0.41   0.875236   0.374047   0.524108
      0.42   0.867783   0.374644   0.523346
      0.43   0.865128   0.374723   0.522939
      0.44   0.859666   0.376479   0.523638
      0.45   0.856705   0.377302   0.523882
      0.46   0.849099   0.377376   0.522521
      0.47   0.845934   0.376974   0.521535
      0.48   0.840931   0.377852   0.521418
      0.49   0.838277   0.378203   0.521239
       0.5   0.832967   0.377489   0.519533
      0.51   0.818929    0.37751    0.51679
      0.52   0.815509    0.37739   0.515995
      0.53   0.810863    0.37856    0.51615
      0.54    0.80683   0.379111    0.51584
      0.55   0.804074   0.380268   0.516343
      0.56   0.800602   0.380383   0.515731
      0.57   0.792945   0.379892   0.513683
      0.58   0.789831   0.379668   0.512824
      0.59   0.784114   0.379824   0.511755
       0.6   0.781051    0.38073    0.51192
      0.61   0.778855   0.381324   0.511983
      0.62     0.7737   0.381609    0.51112
      0.63   0.770739    0.38196   0.510786
      0.64   0.763388   0.380537   0.507896
      0.65   0.758538   0.379946   0.506293
      0.66   0.752974   0.378862   0.504089
      0.67   0.749094   0.378536   0.502929
      0.68    0.74552   0.378418   0.502017
      0.69   0.741334   0.378492    0.50113
       0.7   0.733473   0.378534   0.499357
      0.71   0.727398   0.377664   0.497189
      0.72   0.722395   0.376516   0.495023
      0.73   0.715095   0.377219   0.493901
      0.74     0.7129   0.377684   0.493774
      0.75   0.704426   0.377023   0.491164
      0.76   0.703456   0.377453   0.491293
      0.77   0.697381   0.378862   0.490988
      0.78   0.694931   0.380336   0.491612
      0.79   0.684568   0.381076   0.489605
       0.8    0.68176   0.382393   0.489968
      0.81   0.677217   0.381438   0.488008
      0.82   0.669866   0.382801   0.487192
      0.83   0.665833   0.383238   0.486473
      0.84   0.660115   0.384428    0.48589
      0.85   0.648374   0.383719   0.482115
      0.86   0.640002   0.384562   0.480439
      0.87   0.636173   0.384822   0.479559
      0.88   0.625861   0.385739   0.477301
      0.89   0.620297   0.385991   0.475866
       0.9   0.613252   0.387395   0.474835
      0.91   0.609934   0.386284   0.473005
      0.92   0.604166   0.384367   0.469831
      0.93   0.596202    0.38599   0.468601
      0.94   0.593445   0.386785    0.46833
      0.95   0.585329   0.386857   0.465833
      0.96   0.580785   0.386132   0.463866
      0.97   0.574149   0.386044   0.461671
      0.98   0.569656   0.384433   0.459065
      0.99   0.563837   0.383647   0.456608
