         0          1   0.273534   0.429567
      0.01   0.999564   0.287118   0.446097
      0.02   0.999564   0.288903   0.448249
      0.03   0.999467   0.290508   0.450169
      0.04   0.999467   0.292513   0.452572
      0.05   0.999322    0.29416   0.454526
      0.06   0.999322   0.298448   0.459628
      0.07   0.999177   0.302094   0.463924
      0.08   0.997531     0.3069   0.469388
      0.09   0.997192   0.310105    0.47309
       0.1   0.997144   0.315621   0.479476
      0.11   0.997095    0.32098   0.485629
      0.12   0.997095    0.32467    0.48984
      0.13   0.996902   0.330439   0.496353
      0.14   0.996563   0.333458    0.49971
      0.15   0.996272   0.337643   0.504356
      0.16   0.996272   0.340029   0.507014
      0.17   0.996176   0.344959   0.512461
      0.18   0.995934   0.348272   0.516076
      0.19   0.994965   0.352806   0.520904
       0.2   0.994965   0.355939    0.52431
      0.21   0.993707   0.359703   0.528206
      0.22   0.993223   0.363147    0.53184
      0.23   0.993077   0.365752   0.534607
      0.24   0.992884   0.369332   0.538393
      0.25   0.992835   0.372026   0.541242
      0.26     0.9924   0.375917   0.545283
      0.27   0.991674   0.378222   0.547593
      0.28   0.990318   0.381266   0.550567
      0.29   0.990076   0.383377   0.552727
       0.3   0.989592   0.386504   0.555893
      0.31   0.989253   0.389452   0.558881
      0.32   0.988672   0.391144   0.560528
      0.33   0.986929    0.39291   0.562057
      0.34   0.986736   0.395621   0.564794
      0.35   0.985768   0.398101   0.567156
      0.36   0.985671   0.399788    0.56885
      0.37   0.985525   0.401768   0.570828
      0.38   0.984509   0.403305   0.572205
      0.39   0.983928   0.405559   0.574371
       0.4   0.982379   0.407113   0.575662
      0.41    0.98175   0.409136   0.577574
      0.42   0.981314   0.411474   0.579823
      0.43   0.981023   0.412745   0.581033
      0.44   0.979716   0.415621   0.583644
      0.45   0.979087   0.417217   0.585104
      0.46   0.978893   0.419913   0.587715
      0.47   0.976957   0.421292   0.588714
      0.48   0.975263   0.422892   0.589964
      0.49   0.974827   0.424646   0.591589
       0.5   0.974198   0.426276   0.593052
      0.51   0.973859   0.428191    0.59484
      0.52   0.973181   0.429046   0.595537
      0.53   0.973084   0.430937   0.597338
      0.54   0.972891   0.432452   0.598756
      0.55   0.971922   0.433546   0.599619
      0.56   0.969647   0.434876   0.600455
      0.57   0.967662   0.436215   0.601347
      0.58    0.96621   0.436682   0.601509
      0.59   0.965484    0.43728   0.601935
       0.6   0.964855   0.437427   0.601953
      0.61   0.962531   0.438374   0.602395
      0.62   0.961902   0.439486   0.603319
      0.63   0.961466   0.440323   0.604021
      0.64   0.960546   0.441828   0.605254
      0.65   0.959433   0.441788   0.604995
      0.66     0.9589   0.442715   0.605757
      0.67   0.958077   0.443636   0.606455
      0.68   0.957109   0.444845   0.607388
      0.69    0.95648   0.446091   0.608422
       0.7   0.954979   0.447253   0.609196
      0.71   0.952801   0.448439    0.60985
      0.72    0.95038   0.449504   0.610336
      0.73   0.949363   0.451016   0.611518
      0.74   0.948879   0.451201   0.611587
      0.75   0.946652   0.452209   0.612047
      0.76   0.945684   0.452625   0.612225
      0.77   0.943167   0.453026   0.612063
      0.78   0.941811    0.45385   0.612528
      0.79   0.939197   0.454358   0.612436
       0.8   0.937793   0.455231   0.612929
      0.81   0.934066   0.455168   0.612074
      0.82   0.932614   0.455651   0.612198
      0.83   0.930338   0.455475   0.611548
      0.84   0.926804   0.454765   0.610144
      0.85   0.923706   0.454545   0.609274
      0.86   0.920705   0.453751   0.607907
      0.87   0.918042    0.45399   0.607539
      0.88   0.911797   0.453598   0.605816
      0.89   0.909619   0.453842   0.605552
       0.9   0.906714   0.453457   0.604565
      0.91   0.901535   0.453147   0.603134
      0.92   0.900034   0.452843    0.60253
      0.93   0.893886   0.451344   0.599823
      0.94   0.887931   0.449946   0.597246
      0.95   0.883236    0.44771   0.594214
      0.96    0.87762   0.446595   0.591959
      0.97   0.867987   0.445469    0.58877
      0.98   0.860677   0.445153   0.586804
      0.99   0.855884   0.444703   0.585296
