         0          1   0.279386    0.43675
      0.01   0.997128   0.279412   0.436507
      0.02   0.996695   0.287003   0.445673
      0.03   0.996287   0.294342   0.454428
      0.04   0.995476   0.301859   0.463247
      0.05   0.994806   0.305338   0.467259
      0.06   0.993605   0.309521   0.472006
      0.07   0.992572   0.312221   0.475021
      0.08   0.991008   0.315722   0.478879
      0.09   0.989897   0.318013   0.481379
       0.1   0.987827   0.321098   0.484656
      0.11   0.985767   0.324072   0.487784
      0.12   0.984276   0.326024   0.489807
      0.13   0.981742   0.328893    0.49272
      0.14   0.979752   0.330714   0.494508
      0.15   0.976306   0.333481   0.497148
      0.16   0.973639   0.335341   0.498863
      0.17   0.970346   0.338157   0.501533
      0.18   0.967692   0.340062   0.503267
      0.19   0.963673   0.342898   0.505815
       0.2   0.961263   0.344716   0.507455
      0.21   0.957881   0.347543   0.510034
      0.22   0.954051   0.350332   0.512479
      0.23   0.951569   0.352583   0.514521
      0.24   0.947748   0.355309   0.516851
      0.25   0.944926   0.357247   0.518475
      0.26   0.939962   0.359838    0.52044
      0.27   0.936643   0.361732   0.521904
      0.28   0.932124   0.364409   0.523974
      0.29   0.928958   0.366265   0.525384
       0.3   0.924191   0.368889   0.527305
      0.31   0.919016   0.371555   0.529169
      0.32   0.915798   0.373304   0.530402
      0.33   0.910409   0.375709   0.531909
      0.34   0.907025   0.377434   0.533052
      0.35   0.901942   0.379836   0.534554
      0.36   0.897983   0.381411   0.535411
      0.37    0.89254   0.383876   0.536854
      0.38   0.888388   0.385519     0.5377
      0.39   0.881721   0.387938   0.538811
       0.4   0.877748   0.389555   0.539621
      0.41   0.870634   0.391867   0.540471
      0.42   0.864213    0.39416   0.541395
      0.43   0.859809   0.395607   0.541886
      0.44   0.853068   0.397877   0.542655
      0.45   0.848664    0.39931   0.543088
      0.46   0.841447   0.401471   0.543586
      0.47    0.83683   0.402784   0.543817
      0.48    0.82995   0.404722   0.544111
      0.49    0.82546   0.405946   0.544243
       0.5   0.818261   0.407948   0.544456
      0.51   0.811474   0.409998   0.544757
      0.52   0.806456   0.411159   0.544641
      0.53   0.798677   0.413056   0.544507
      0.54   0.793811   0.414493   0.544613
      0.55    0.78652   0.416427   0.544543
      0.56   0.781083    0.41769   0.544308
      0.57   0.773821   0.419768   0.544283
      0.58   0.769128   0.421179   0.544297
      0.59    0.76181   0.422944   0.543915
       0.6   0.755986    0.42396   0.543258
      0.61   0.748372   0.425719   0.542712
      0.62   0.740582   0.427446   0.542039
      0.63   0.735299   0.428533   0.541487
      0.64   0.727674   0.429977   0.540548
      0.65   0.722138   0.430938   0.539768
      0.66   0.714869   0.432288   0.538774
      0.67   0.709706   0.433136   0.537956
      0.68   0.701863   0.434536   0.536756
      0.69    0.69651   0.435409   0.535845
       0.7   0.689228   0.436846   0.534754
      0.71   0.681917   0.438221    0.53356
      0.72   0.676599   0.438915   0.532435
      0.73   0.669001   0.440141   0.530959
      0.74   0.663846   0.440973    0.52993
      0.75     0.6565   0.442254   0.528489
      0.76   0.652101   0.442902   0.527518
      0.77    0.64434   0.443591   0.525444
      0.78   0.639502   0.444205   0.524256
      0.79   0.632753   0.445132   0.522614
       0.8   0.627527   0.445572   0.521123
      0.81   0.620244   0.446251   0.519054
      0.82   0.612094   0.447165   0.516789
      0.83   0.607118   0.447551   0.515264
      0.84   0.600525   0.448428    0.51345
      0.85   0.595544   0.449017   0.512003
      0.86   0.588023   0.449533   0.509535
      0.87   0.583481   0.450069   0.508165
      0.88   0.576427   0.450747   0.505898
      0.89   0.571553   0.451203   0.504297
       0.9   0.563699   0.451608   0.501466
      0.91   0.555884   0.451809   0.498472
      0.92   0.550774   0.452154   0.496615
      0.93   0.543094   0.452338   0.493579
      0.94   0.537897    0.45255   0.491546
      0.95   0.530159   0.452826   0.488451
      0.96   0.524871   0.452785    0.48617
      0.97   0.517228   0.452973   0.482973
      0.98   0.512232   0.453257   0.480943
      0.99    0.50519   0.453463   0.477931
