    119082       0.79   0.851636   0.683489   0.758354
     58060          0          1   0.374026   0.544424
     42049       0.73   0.974457    0.78153   0.867395
     24077       0.33   0.927055   0.546074     0.6873
     78004       0.81   0.822052   0.532648   0.646438
     45096       0.28   0.816078   0.641405   0.718275
     38092       0.74   0.867284   0.607493   0.714507
     43074       0.17   0.934755   0.305388   0.460371
     16077       0.65   0.760214   0.438113   0.555875
     86000       0.38   0.951459   0.448715    0.60983
    101085       0.98   0.801541   0.575796   0.670169
     89072       0.32   0.908214   0.369216   0.525003
    126007       0.37   0.905949   0.526791     0.6662
     76053       0.37   0.772628   0.493874   0.602574
     86016          0          1   0.363236   0.532903
    103070       0.21   0.881563   0.388337   0.539166
      8023       0.46   0.923954   0.236727    0.37689
     41033       0.52   0.738024   0.422756   0.537576
    109053       0.38   0.805866   0.363792   0.501288
    130026       0.99   0.495907   0.295751   0.370526
    108082       0.31   0.874087   0.173572   0.289631
     69040          0          1   0.319512   0.484288
     14037       0.35   0.763018   0.535969    0.62965
     54082       0.23   0.877319   0.566583   0.688515
     62096       0.99   0.765651   0.414946   0.538209
     12084        0.6   0.884964   0.333144   0.484063
     69015       0.51   0.756613   0.819173   0.786651
     97033        0.8   0.937793   0.455231   0.612929
     19021       0.69   0.767892    0.63097    0.69273
     86068       0.55     0.7183   0.247122   0.367731
      3096       0.09    0.86622   0.514112   0.645256
     41069       0.91   0.567346   0.256116   0.352916
     21077        0.5   0.952176   0.504996   0.659971
    108070          0          1   0.230724    0.37494
    123074       0.71   0.467083   0.261791   0.335526
     38082       0.43   0.861276   0.464406   0.603436
     33039          0          1   0.331079    0.49746
    108005       0.41   0.894257   0.326777   0.478648
    106024       0.62   0.540987   0.404484   0.462881
    102061       0.44   0.907204   0.330979   0.485009
     37073       0.23   0.976343   0.768899   0.860293
     65033       0.62   0.808734   0.513435   0.628108
     55073       0.66   0.790054   0.471979   0.590934
     66053        0.5   0.789923   0.382665    0.51557
     85048       0.81   0.808654   0.500427   0.618254
     42012       0.25   0.878294   0.464112   0.607308
     87046       0.49   0.867786   0.371414   0.520187
    105025       0.75   0.718192   0.391708   0.506931
    101087       0.52   0.877588   0.622228   0.728169
     69020       0.58   0.798159   0.422827   0.552804
